2.87923480049 0.5956
0.564049041958 0.822
0.469918724713 0.8504
0.410249995987 0.8644
0.381525459574 0.8768
0.363551206568 0.8884
0.332798373282 0.8924
0.272429957058 0.9172
0.278778663381 0.9176
0.279461397002 0.9112
0.267973631293 0.916
0.272397282947 0.926
0.231441057841 0.922
0.292845577253 0.912
0.271047794997 0.9168
0.235521423891 0.9252
0.227205183887 0.9308
0.215401256912 0.9292
0.234038745177 0.932
0.207492321708 0.9336
0.203191457411 0.94
0.197912034011 0.948
0.217495354306 0.9404
0.222228321081 0.9308
0.189997963755 0.9488
0.19237356051 0.9392
0.204200524991 0.934
0.202942594795 0.9376
0.182343149457 0.9464
0.194113152141 0.938
0.232076688669 0.9312
0.181516750187 0.9488
0.178748073222 0.944
0.167500287722 0.9488
0.188364111489 0.944
0.152910868204 0.9532
0.233617641465 0.9312
0.186667743951 0.9484
0.19835402719 0.944
0.15615268877 0.9484
0.167594643515 0.9488
0.183824965419 0.9464
0.141672504513 0.9552
0.182682607163 0.9436
0.161514370143 0.948
0.13360817429 0.9584
0.159209653533 0.9576
0.180511913942 0.9476
0.161900573233 0.9512
0.16270626213 0.9488
0.161201459872 0.9524
0.138176612943 0.9576
0.179356525338 0.94
0.163498007291 0.9532
0.120906983399 0.9624
0.132599125084 0.962
0.144910564672 0.954
0.150827522549 0.9604
0.149034249717 0.956
0.175897447188 0.9472
0.169212923581 0.9476
0.13798627388 0.958
0.153739203329 0.9548
0.139420147375 0.9548
0.152579299876 0.9596
0.136719971353 0.9548
0.152160316296 0.956
0.154812686474 0.956
0.151206052562 0.9536
0.143157777798 0.9524
0.161633455071 0.9552
0.145406034313 0.9576
0.126463107172 0.96
0.132945508192 0.9544
0.142600944144 0.9552
0.121913460747 0.9608
0.140452168787 0.9608
0.139646612909 0.9564
0.138075600412 0.9588
0.146710026068 0.9524
0.130868024698 0.962
0.158221543547 0.9564
0.141553997431 0.9512
0.122708699083 0.966
0.140214387073 0.9576
0.147711759069 0.956
0.124014205811 0.9636
0.147844333024 0.9592
0.105700738468 0.9644
0.121419474007 0.9628
0.135642315136 0.9604
0.125835745367 0.9632
0.144127039361 0.954
0.124390682269 0.9624
0.133665170775 0.9612
0.129427731757 0.9568
0.134061299254 0.9572
0.112698744422 0.9624
0.138604423598 0.9532
0.118788962576 0.9636
0.144137910388 0.956
0.153044351543 0.9616
0.11936569881 0.9584
0.126961374135 0.9588
0.105798943317 0.966
0.104314129407 0.9664
0.10757854944 0.9648
0.114713024571 0.9692
0.137672397533 0.9604
0.140132566701 0.956
0.114895261117 0.9648
0.100043101166 0.9664
0.129594754267 0.9616
0.119807977163 0.9648
0.10616643076 0.9648
0.128874612527 0.9596
0.125969720717 0.9672
0.12355717112 0.9604
0.103348594456 0.964
0.104975355476 0.9672
0.111329280522 0.9644
0.126376136504 0.9652
0.114315543344 0.9664
0.116690987809 0.9608
0.110525460897 0.962
0.122927655714 0.966
0.106592278521 0.9596
0.111487315461 0.9668
0.121345440574 0.962
0.103387697807 0.9656
0.107299981334 0.9676
0.0874679249667 0.9732
0.126315289251 0.962
0.120913638005 0.9656
0.124300556537 0.9616
0.101399307822 0.97
0.12998758008 0.9644
0.0951464110787 0.968
0.117365659086 0.9644
0.117785606804 0.9652
0.118525623811 0.9632
0.111266801684 0.9656
0.0942380661867 0.9656
0.10873647113 0.9676
0.113606297696 0.964
0.112415065535 0.9676
0.111720540428 0.9676
0.107472733311 0.9676
0.110095497921 0.9644
0.119644759441 0.964
0.0822145496373 0.974
0.0999340431958 0.9692
0.092105138276 0.9696
0.107559525413 0.9668
0.110924496008 0.9672
0.126639605867 0.9616
0.10778033165 0.9672
0.0992374488586 0.9716
0.111792750398 0.9672
0.105626387842 0.9684
0.0831020051012 0.9732
0.0995341881091 0.968
0.113697476844 0.9592
0.0879868090346 0.9732
0.105823992569 0.9672
0.106597070269 0.968
0.0911826138214 0.968
0.096117123826 0.968
0.0902591167371 0.9736
0.124830947246 0.9648
0.10075587707 0.9648
0.0835674162852 0.976
0.0900784474909 0.97
0.0966219962096 0.9652
0.0820119198277 0.9748
0.116380208046 0.9668
0.0914960566813 0.9716
0.0960876203106 0.9692
0.0926012721523 0.976
0.0838866126008 0.97
0.104806364916 0.966
0.119040706539 0.966
0.107427600881 0.9672
0.0958630264866 0.9708
0.104681073046 0.9668
0.108980763077 0.9688
0.0982568040106 0.9716
0.103663224145 0.9688
0.0987396377984 0.97
0.101777970113 0.9692
0.0844826216724 0.9724
0.0820490338546 0.9744
0.0785672518518 0.9752
0.0944236524674 0.9764
0.0984169197016 0.9676
0.100782800831 0.9672
0.0931194462179 0.9708
0.118288624056 0.9612
0.0834548861147 0.9748
0.0974425160941 0.9684
0.0784453769634 0.9732
0.0853044090846 0.9764
0.107008117266 0.9628
0.0952051082525 0.9724
0.100974579386 0.97
0.0912939381975 0.9736
0.0792464088272 0.972
0.105715172164 0.9728
0.098091795151 0.9656
0.0946770509853 0.9712
0.0926061187264 0.9724
0.0905960276129 0.9704
0.0982624630024 0.9696
0.075772342707 0.9772
0.061057588278 0.9748
0.080837984459 0.9732
0.0608067815593 0.9824
0.109209938245 0.9668
0.107126909679 0.9676
0.0907446178263 0.9732
0.102981339405 0.9688
0.0808166082887 0.976
0.0924679644753 0.9704
0.0881276300622 0.9716
0.0806903487686 0.9744
0.0777275536503 0.9768
0.0965742635758 0.968
0.0995401160041 0.9692
0.104177919479 0.968
0.0982303263426 0.968
0.0785171671958 0.9752
0.0706059350713 0.98
0.0941556201477 0.9712
0.0790628569165 0.9772
0.0741998710128 0.9748
0.0927246130149 0.9684
0.0807669831833 0.9744
0.102315180978 0.9688
0.0781634908974 0.9752
0.0790701061973 0.9728
0.0850435231041 0.9764
0.0739965119159 0.974
0.0789752292449 0.9752
0.0861093445874 0.9696
0.0832736547814 0.9736
0.12070766539 0.9688
0.0844200038485 0.974
0.08602841126 0.9744
0.0805310667071 0.9736
0.0839519860678 0.9752
0.0893494254358 0.9724
0.0743385918275 0.9764
0.0852314992291 0.9728
0.0678806752842 0.9768
0.0770146336825 0.9752
0.0929147179735 0.9736
0.0839454743205 0.972
0.0817443014668 0.9712
0.0950622124757 0.9696
0.0887699264041 0.9716
0.0750884677664 0.9728
0.0787759305579 0.976
0.0827749968166 0.972
0.0832683794991 0.9752
0.088288004356 0.974
0.0910899358252 0.9752
0.0910561747701 0.974
0.0857326690275 0.972
0.0666400535565 0.9784
0.0790033182157 0.9732
0.0778171601577 0.974
0.0728682749638 0.9736
0.0810531067502 0.972
0.0754428027947 0.976
0.106451889707 0.966
0.0745885100144 0.9772
0.079443298163 0.9752
0.0655608965141 0.9808
0.0915004323521 0.9692
0.0843892587235 0.9748
0.0770277815949 0.9788
0.0732141448231 0.9784
0.0782410792529 0.9716
0.0713181183814 0.9788
0.0982286322653 0.9708
0.0790344960653 0.974
0.0896948305235 0.9724
0.0741661251597 0.9752
0.0719445374398 0.9772
0.0784068978558 0.9776
0.0807724357115 0.976
0.0663156175396 0.9788
0.0739287421112 0.9752
0.0834052062942 0.9732
0.0768921464865 0.9736
0.0972330670968 0.9692
0.0749900124244 0.976
0.0834474834892 0.9732
0.0872178119824 0.97
0.0774954164309 0.9776
0.0684884348612 0.978
0.0755164772876 0.9772
0.073868272584 0.9768
0.0814138228559 0.9732
0.0809145550212 0.9776
0.0773162180734 0.9772
0.0798094577159 0.9736
0.0687627245433 0.9748
0.103053702477 0.9696
0.0820348709606 0.9732
0.0663290896231 0.9832
0.0665751667106 0.9784
0.067902464268 0.9784
0.0740980835963 0.9788
0.0890505756453 0.9764
0.0759943828835 0.9724
0.0742498906094 0.9756
0.0742702790242 0.9784
0.0811589818811 0.9716
0.0663986307115 0.976
0.0873002122436 0.9764
0.0696183224851 0.9772
0.0876949502705 0.9716
0.0648979737577 0.9768
0.0740347187008 0.9748
0.0604355794195 0.9812
0.0764166995467 0.972
0.075623689987 0.9736
0.0920689650115 0.9708
0.0633282595037 0.9788
0.0703484563068 0.9732
0.0743573360644 0.978
0.0663935321867 0.9804
0.0732412152448 0.9744
0.0751083095981 0.974
0.0881497644486 0.976
0.073961041164 0.976
0.0677593421688 0.9808
0.0652102297229 0.9804
0.0801246517501 0.9764
0.0703892388284 0.976
0.0841690732474 0.9724
0.0697867090664 0.9772
0.065362983186 0.9792
0.0848638513202 0.9764
0.0709870038833 0.9752
0.0759805739214 0.9744
0.0808878203184 0.9756
0.0817634600231 0.9744
0.0699427572564 0.9756
0.0606379889984 0.9816
0.0666544269856 0.9792
0.0726443274985 0.9772
0.0799012687197 0.9744
0.0728254738033 0.9764
0.0693351577815 0.9776
0.0661291708223 0.9792
0.0607957944002 0.9808
0.0753656279205 0.9756
0.0929609657366 0.9736
0.0659507984682 0.9808
0.0769205910364 0.9764
0.0641017192521 0.9792
0.0638588028378 0.9784
0.0755526356337 0.9756
0.0623043293382 0.98
0.0833658258098 0.9756
0.0872259166103 0.9736
0.0713162422103 0.978
0.0763456186075 0.9776
0.0839899137353 0.9724
0.0729059508806 0.9784
0.0607647164454 0.9836
0.0754743478123 0.978
0.0684580091069 0.9776
0.0919547808133 0.9728
0.0725138595314 0.9768
0.0707368707796 0.9808
0.0752531195477 0.9756
0.0712279035846 0.9836
0.0667748565375 0.9804
0.0707594763948 0.9772
0.0600920356834 0.976
0.0684674338943 0.9812
0.0668713184457 0.9784
0.0681738529471 0.9776
0.069692090521 0.9776
0.0846449860803 0.976
0.0603100924327 0.9796
0.0774887930336 0.9792
0.0672050602745 0.9756
0.0947635871737 0.9744
0.0589514166918 0.9796
0.0649204028818 0.9784
0.0611792243561 0.98
0.0684586866607 0.9768
0.0669455973757 0.9804
0.0527485190272 0.9832
0.0623250839912 0.9792
0.0691071385852 0.9792
0.0852988707159 0.9756
0.0755296092264 0.9752
0.0591017308272 0.9788
0.0737889631032 0.9776
0.0685252032689 0.9808
0.0533758048857 0.9832
0.0789208121909 0.9756
0.089557757232 0.976
0.0552768558425 0.984
0.0569561651684 0.9836
0.0714816385165 0.9792
0.0696488706327 0.9804
0.0532916802584 0.9816
0.0741404906312 0.9776
0.0793695185827 0.9764
0.0551332508453 0.982
0.0552744615053 0.9844
0.0722955119956 0.9784
0.0717874371329 0.9744
0.0745045587615 0.9816
0.0625957525372 0.982
0.0581276289684 0.9792
0.0706496316197 0.9772
0.070419258416 0.978
0.0859284931238 0.9724
0.0603145307838 0.9792
0.0703644002185 0.9788
0.0774018844168 0.9752
0.07348755727 0.9772
0.0805788044435 0.9736
0.0663080094006 0.98
0.0714840304245 0.9764
0.0710463698848 0.9768
0.063667272338 0.984
0.0635271069264 0.9816
0.0730170977778 0.9776
0.0697835409087 0.9776
0.0513254728853 0.9808
0.073224188407 0.9792
0.0681935756334 0.9792
0.0680861246281 0.98
0.0653633837994 0.98
0.0757636820863 0.982
0.0630921336662 0.9784
0.0568987624595 0.9816
0.0834269893558 0.974
0.059789287845 0.9816
0.071920810688 0.9804
0.0614113615329 0.9792
0.0745544499576 0.9784
0.0776372740572 0.9716
0.0658095880779 0.9764
0.0596122410895 0.98
0.0545870292767 0.9836
0.0500166230365 0.9832
0.0725276589582 0.9792
0.0562005199697 0.9804
0.0612737969538 0.9804
0.0588008085548 0.9804
0.0667981663499 0.9824
0.0667061492849 0.9828
0.073805739478 0.9792
0.0757077933676 0.9772
0.0535809776979 0.9844
0.0693030389981 0.9816
0.0683139826312 0.98
0.0713003243189 0.9788
0.0497760320139 0.9796
0.0581235295691 0.9792
0.0684612344231 0.9736
0.0785032184165 0.9748
0.0681816277007 0.9796
0.0727337199112 0.9732
0.0685132090071 0.9828
0.0667378165071 0.9812
0.0622033243217 0.9808
0.0715793448548 0.976
0.0569067114744 0.9832
0.0673671661396 0.9792
0.0694569588587 0.9756
0.0595592723486 0.982
0.0547571648722 0.9836
0.0565311997274 0.9824
0.064644089949 0.9828
0.0703685152024 0.9792
0.0681670913044 0.9792
0.0710398323868 0.9796
0.0719313281455 0.9788
0.0717198230167 0.9768
0.0719508795271 0.9776
0.0751610030722 0.9748
0.0614001941005 0.9828
0.0679695172073 0.9792
0.0588208533239 0.9812
0.0472131239606 0.984
0.0705660330181 0.9788
0.0598868862807 0.9804
0.0580538936667 0.9804
0.0612337498955 0.9764
0.0614702449915 0.9796
0.0585336834211 0.98
0.0566043779023 0.9812
0.0643590815105 0.9768
0.0665372244386 0.9784
0.0798647671614 0.9768
0.0595824298536 0.9836
0.0552642741151 0.9804
0.0692054946029 0.978
0.0509148789085 0.9848
0.060252103595 0.9812
0.0600351876011 0.9808
0.0665696909656 0.98
0.0692933245867 0.9752
0.0587839078362 0.984
0.0608473909477 0.9832
0.0609051490383 0.9808
0.0677487717756 0.9768
0.0666662124502 0.9796
0.0601568637146 0.9828
0.0594282359709 0.9828
0.0572486980816 0.9808
0.046068002594 0.9848
0.0651297937975 0.9788
0.0590155113862 0.9804
0.0643637350003 0.9792
0.0837243335708 0.9752
0.0782287677772 0.9744
0.0601677904463 0.9808
0.0759347665875 0.98
0.0412779459276 0.9848
0.0567183887505 0.9828
0.0578922392246 0.9808
0.0829715392289 0.9764
0.0565224836998 0.984
0.058590076474 0.9816
0.0604030108164 0.9796
0.0591382711501 0.9808
0.0541460440532 0.984
0.0553553354991 0.9828
0.0770244946991 0.976
0.0493652330608 0.9836
0.0829274895333 0.9772
0.0554780084957 0.982
0.0632105607877 0.978
0.0650668489433 0.9804
0.0631025791196 0.978
0.053232865326 0.9824
0.067832349653 0.9816
0.0643832810258 0.9788
0.0737725049884 0.98
0.0711742332909 0.9796
0.0538063190148 0.9832
0.0677890377872 0.9808
0.0719132140003 0.9772
0.0520844810433 0.9848
0.0512801197819 0.9828
0.0753871734344 0.9808
0.0636044871939 0.98
0.0804861748938 0.9748
0.061206099952 0.9816
0.0538075181166 0.9776
0.0627017504952 0.98
0.0577312607824 0.9828
0.0648795371047 0.9784
0.0530369684683 0.9808
0.0644375447297 0.9772
0.0592597025496 0.98
0.0659527096413 0.976
0.0652812589791 0.9812
0.0568696854798 0.9828
0.0617080624608 0.9808
0.0484941599768 0.984
0.0733357665223 0.9788
0.0542646070876 0.9816
0.0593782555337 0.9824
0.0640076905297 0.9788
0.0574938807931 0.9824
0.0637751749022 0.9804
0.0567262121845 0.986
0.0488372381582 0.9864
0.0551956764876 0.982
0.0603613344597 0.982
0.0557954166914 0.984
0.0648206001054 0.9792
0.0650983648586 0.9804
0.0627859197965 0.9816
0.0684714009745 0.9812
0.0625575025148 0.9816
0.0606392313408 0.9812
0.0716848190264 0.982
0.0468022240344 0.9844
0.0733012918726 0.98
0.0513619955349 0.9832
0.0630222293749 0.982
0.07667541081 0.9784
0.0441271441696 0.984
0.055255467598 0.9824
0.0736597279581 0.9784
0.0534322493394 0.9828
0.0596644623399 0.9824
0.0490288715188 0.9832
0.0503900375101 0.986
0.0651033651777 0.9796
0.0694232199308 0.9792
0.0597301928961 0.98
0.050262674317 0.984
0.0621858375949 0.9784
0.0579282298617 0.9816
0.0621651474708 0.98
0.0564509807047 0.9836
0.0551275380922 0.9856
0.058505608957 0.9828
0.0502892097367 0.9828
0.0500847972977 0.9836
0.0641021966621 0.98
0.071378259002 0.9756
0.0575033027782 0.9796
0.064376057448 0.982
0.0436143014908 0.986
0.0454336210341 0.9836
0.0758295959795 0.9808
0.0615645040753 0.9836
0.0560183152001 0.984
0.0807249212177 0.976
0.0631271007138 0.9764
0.0433254628039 0.9868
0.0556626387006 0.9824
0.0724965521433 0.9792
0.069232184723 0.982
0.0559503367811 0.9828
0.0565963572875 0.984
0.0641255109235 0.98
0.06687737223 0.9824
0.0533092992695 0.9832
0.0572592489083 0.9812
0.0693349593864 0.982
0.0468749801025 0.9844
0.0611961405416 0.9812
0.0717789156594 0.974
0.0613641706443 0.9812
0.0410816126815 0.9864
0.0440848930193 0.9844
0.0644116364305 0.9796
0.0494197599572 0.9812
0.0476831523053 0.9824
0.0651155541898 0.98
0.0630963621833 0.982
0.0565085707105 0.9808
0.0641797056158 0.9816
0.0712708868217 0.9788
0.0595868442907 0.9796
0.0429913255321 0.9856
0.0523926076403 0.984
0.0579651281942 0.982
0.0745003210598 0.9784
0.0678524588653 0.9788
0.0562301732031 0.9804
0.0539673106051 0.9808
0.054364183863 0.9844
0.0655753356164 0.982
0.0648606005359 0.9784
0.0756000755548 0.976
0.0491002980852 0.9876
0.0455328521839 0.9828
0.048276607883 0.9856
0.0597884083836 0.9796
0.052516059222 0.9836
0.0592839176111 0.9808
0.0609955521621 0.9796
0.0528738877715 0.9828
0.050802301931 0.9832
0.0396428892206 0.9892
0.0446509054541 0.9848
0.047610086898 0.9852
0.0554418309274 0.9832
0.050832388421 0.9832
0.0663877921741 0.9828
0.0552678963379 0.9804
0.0627576165872 0.984
0.054365508041 0.9848
0.0668134264095 0.9812
0.0534983006405 0.9816
0.0591836625336 0.9804
0.0523560584979 0.9824
0.0597853028371 0.9848
0.0426069899763 0.9876
0.0520653272447 0.9836
0.0694536292476 0.9772
0.0761844786044 0.9784
0.0553101942117 0.9824
0.0580559250347 0.9828
0.0719410083224 0.9752
0.0470627603248 0.9832
0.0544551624846 0.9836
0.0656119372001 0.9796
0.0584376426885 0.9832
0.0525206020685 0.984
0.0508673392856 0.9848
0.0654876718838 0.98
0.0674917660947 0.982
0.0466966302036 0.9864
0.0376011974409 0.9888
0.0420176001137 0.9892
0.0611534243214 0.9776
0.0559434079896 0.9864
0.0489714163411 0.9828
0.0598560568363 0.9804
0.0646516132101 0.9788
0.0672225551185 0.9812
0.0496419856023 0.984
0.0656430907489 0.9796
0.0601317326772 0.9828
0.0671838717688 0.9808
0.0444959480424 0.9848
0.0538875387396 0.9824
0.0698807901513 0.98
0.0581589924577 0.9804
0.0500941467933 0.9856
0.0771510410899 0.9756
0.0459107571161 0.984
0.0538228833709 0.9856
0.0500793507888 0.984
0.0600944770924 0.9808
0.0465223900827 0.982
0.0718967263561 0.9804
0.0575292953768 0.9788
0.0480378683976 0.9812
0.0447550415622 0.9856
0.061100760952 0.9832
0.049815792236 0.9828
0.0597977599588 0.982
0.0601282823864 0.9804
0.0647315015035 0.9804
0.0506974453823 0.9816
0.0369521072365 0.9872
0.0580285240926 0.9824
0.0542985657834 0.986
0.0437399160493 0.9836
0.051654383346 0.982
0.0693430893657 0.98
0.0629662073083 0.9804
0.0606767396425 0.9816
0.0562032267183 0.9828
0.059624254548 0.9848
0.0628955916099 0.9796
0.060718842404 0.9796
0.0548884523789 0.9816
0.0474591734355 0.9848
0.05498259628 0.9844
0.0463823016403 0.9832
0.0601631042912 0.98
0.0588671154955 0.9808
0.0601398554854 0.9812
0.0523012462303 0.9824
0.0534974548565 0.9832
0.0557976871799 0.9816
0.0509721024013 0.9852
0.0484987436616 0.9848
0.0595001077031 0.9812
0.049005856973 0.9852
0.0550787774632 0.9856
0.0498625954117 0.982
0.049938885003 0.9848
0.0722665880909 0.9824
0.0591029148873 0.984
0.0410804373305 0.9872
0.0571938806873 0.9816
0.058000466184 0.9808
0.0434797733681 0.9876
0.0771533600672 0.9744
0.042543831174 0.9856
0.0458779553687 0.984
0.050821469036 0.9824
0.0596910451316 0.984
0.0579412764111 0.9856
0.0458193341081 0.984
0.0637134738938 0.9776
0.0599702845751 0.9824
0.0474479630827 0.9864
0.0440623637423 0.9876
0.0657074380509 0.98
0.0552049377905 0.9816
0.060498942524 0.978
0.0491765454088 0.9836
0.0634953034063 0.9804
0.0456244560322 0.9864
0.0521721525412 0.9832
0.0621351771655 0.9808
0.0655149186068 0.9792
0.0546544307635 0.9836
0.0485723149141 0.9864
0.0461695222675 0.9856
0.0333907620783 0.9884
0.0497299397172 0.9824
0.0500563374381 0.98
0.0644354208757 0.9816
0.0560796291577 0.9836
0.0452710936293 0.9844
0.0591059367723 0.9804
0.0620915396857 0.9808
0.0531451253333 0.982
0.0538706656946 0.9828
0.051101166262 0.9844
0.0461306609968 0.9848
0.0440902603485 0.9872
0.0533571669229 0.9876
0.0617515339308 0.9804
0.0515082985445 0.9868
0.0456552408734 0.9848
0.048504242906 0.9832
0.0597866035393 0.9828
0.0504377243769 0.9844
0.0779227347356 0.9772
0.0676235899119 0.982
0.0452488150055 0.9848
0.0642252017725 0.9812
0.055304933494 0.982
0.0529337900595 0.982
0.0383029360655 0.9872
0.0642866848901 0.9816
0.0561835732508 0.98
0.05799324175 0.9792
0.046857239504 0.984
0.0499983711359 0.9824
0.0318198040967 0.99
0.0614410382975 0.9792
0.0674208066157 0.9772
0.0341457398956 0.9896
0.0519272758594 0.9836
0.0583602438702 0.9828
0.0425010011129 0.9836
0.0589120159986 0.9808
0.054376844486 0.9864
0.0577228281625 0.9832
0.0557306111884 0.9852
0.0444526082271 0.986
0.0549166567476 0.984
0.0512825471893 0.986
0.0592139706337 0.9816
0.0704424977119 0.9776
0.0465484045371 0.986
0.0580520402714 0.9816
0.050736584198 0.9816
0.0421248561171 0.9848
0.0478219238046 0.9824
0.0427041751603 0.984
0.065961243261 0.98
0.0545809345528 0.9816
0.0477949396047 0.9888
0.0446931620496 0.986
0.0551348115411 0.9832
0.0522935477949 0.9836
0.0428138896658 0.9872
0.0478289617505 0.9852
0.042152694864 0.9872
0.063478871725 0.9812
0.0592647300459 0.9816
0.064620392149 0.9824
0.0633109515932 0.984
0.0594133670983 0.9808
0.0684104066454 0.9828
0.0502178416457 0.9804
0.0539462144339 0.9832
0.0430726064122 0.9888
0.0701278927104 0.9772
0.0472752329331 0.9844
0.0304470778705 0.9892
0.0473330821359 0.9848
0.0499424947295 0.9848
0.0489507392885 0.9832
0.049921106737 0.9848
0.0390396791022 0.9872
0.0546395973972 0.9812
0.0494486409475 0.9836
0.0496378812896 0.9836
0.0517622044013 0.9824
0.056196041607 0.9848
0.0620359173007 0.9812
0.0559136591132 0.9824
0.0512676571881 0.982
0.0553411525128 0.982
0.05334922868 0.9832
0.0385777042086 0.9868
0.0589204571978 0.9836
0.0540015866071 0.9828
0.0579205612079 0.9848
0.0536737303927 0.9836
0.0483899787629 0.984
0.0356510970941 0.9864
0.0473731905712 0.9852
0.0490477870577 0.9836
0.0421938008823 0.9888
0.0586712731772 0.984
0.0576589005538 0.9816
0.054719135248 0.9796
0.0466415934909 0.9864
0.0419370085374 0.9856
0.0578533246616 0.9832
0.0443967262681 0.986
0.0568631916374 0.9804
0.0487127874054 0.9852
0.0507085284142 0.9832
0.0436663734057 0.9856
0.0438403252416 0.988
0.0621335964493 0.9828
0.0609727225729 0.9816
0.052531744566 0.982
0.0615757433526 0.9816
0.0481330245038 0.9848
0.0427329121736 0.9848
0.055256627753 0.984
0.0548596909677 0.982
0.0521709557381 0.9828
0.0391870884183 0.9884
0.0510479000507 0.9844
0.044281889848 0.9836
0.0460904382638 0.9844
0.0498604800048 0.9836
0.0537024981042 0.984
0.0535961223101 0.9844
0.0523466417641 0.9828
0.0464508800634 0.9844
0.0473767505981 0.984
0.0523544894416 0.9796
0.0494623999828 0.9844
0.0624469840049 0.9816
0.0505377755539 0.9832
0.0544893642848 0.9828
0.0486187687535 0.984
0.0413445176396 0.9868
0.0452553907408 0.986
0.0565682440589 0.9832
0.0550776228718 0.9852
0.072074793912 0.9792
0.0499490447482 0.9848
0.0483439506713 0.9816
0.0449312821198 0.986
0.0392542917393 0.9868
0.0515289239568 0.9864
0.0443947250957 0.988
0.0389432316749 0.988
0.0421022046799 0.986
0.0406764939281 0.988
0.0542537444882 0.9844
0.0448551535414 0.9844
0.0690788790233 0.982
0.0717874117536 0.9784
0.0520101280202 0.9808
0.0395325744354 0.988
0.0451971369536 0.9848
0.0503918031166 0.9864
0.0508369742503 0.9852
0.0407029059207 0.9852
0.0638078224276 0.98
0.05051384415 0.9828
0.0654389285457 0.9788
0.0585595424883 0.9812
0.0519108402498 0.9848
0.0443777624528 0.9864
0.0517211883938 0.9844
0.0589833664044 0.9792
0.0469658087883 0.9836
0.0542547978569 0.986
0.0490007074141 0.9852
0.0505046583982 0.9844
0.0520069382636 0.9844
0.0571316715681 0.9836
0.0546271407342 0.9844
0.0566755524054 0.9828
0.0645710639451 0.9792
0.0392800641908 0.986
0.0513415573673 0.984
0.0405161864315 0.9876
0.042625795392 0.9864
0.056006229026 0.9804
0.0513242258266 0.9852
0.0428632434777 0.9848
0.0522617882478 0.9864
0.0617158427564 0.982
0.034149748574 0.9896
0.0453043486534 0.9872
0.0391825152832 0.9868
0.0501466870348 0.9844
0.055408809804 0.9808
0.0470727821496 0.9824
0.0508062901431 0.984
0.0451896542986 0.9908
0.0497775582051 0.9832
0.036103745818 0.9892
0.0363776858015 0.9864
0.049922911695 0.9844
0.0417050184244 0.9872
0.0550241633346 0.9848
0.0434584036377 0.9864
0.0487998610055 0.9856
0.0455441719046 0.9848
0.048649992406 0.986
0.0515428192375 0.984
0.0395441012134 0.988
0.0554016066119 0.9828
0.0449949970176 0.9856
0.0599913259318 0.9852
0.0422819426623 0.988
0.0612659664108 0.98
0.0479505387168 0.986
0.0541567739026 0.9812
0.0452571425787 0.986
0.070658984263 0.9788
0.0427935345016 0.9864
0.041358157214 0.9852
0.0460781773902 0.9856
0.0592366052652 0.9828
0.0513530537518 0.982
0.0475830338768 0.986
0.0571570770841 0.978
0.0498919208275 0.984
0.0357639894842 0.9852
0.0595888140082 0.9796
0.0403509654204 0.988
0.038151165191 0.9896
0.0475084149727 0.9852
0.063265104192 0.9836
0.0411305385126 0.986
0.0497105790506 0.9844
0.0467097634134 0.9824
0.0508572816267 0.9828
0.0599143068017 0.98
0.0533851691267 0.9852
0.0454594952619 0.9884
0.0462677463463 0.9824
0.0550419856542 0.9828
0.0443806977055 0.9864
0.0435070678275 0.988
0.0491208197903 0.9824
0.0466507244452 0.9864
0.0355695028291 0.986
0.0429865492715 0.988
0.0497207143633 0.9836
0.0447527061381 0.9856
0.0352563833934 0.988
0.0450675448592 0.9852
0.0424083051977 0.9856
0.0826936113725 0.982
0.0514509264504 0.9852
0.0501894533943 0.9816
0.0410924721077 0.9876
0.0431899103603 0.9864
0.0516983518631 0.9856
0.0624313283626 0.9824
0.0461687344738 0.9852
0.0514359374218 0.9808
0.0493240014706 0.984
0.0477722559661 0.986
0.037458871976 0.9864
0.043574041782 0.9856
0.0583464100916 0.9868
0.0386021484254 0.9868
0.0417769086249 0.9856
0.0428472788635 0.9856
0.043487404826 0.9876
0.0603926524413 0.9836
0.0429278154897 0.9868
0.047017126814 0.9844
0.0618489046752 0.9816
0.0386996268245 0.9868
0.0491118416337 0.9848
0.0578463485515 0.9832
0.0524798115801 0.9828
0.0344748007169 0.988
0.0456159493251 0.9828
0.0423777691827 0.9856
0.046439154743 0.9836
0.0512589670401 0.9864
0.0645599183957 0.9788
0.0474549016111 0.988
0.0478336411338 0.9844
0.036660625202 0.9892
0.0409758124394 0.9876
0.0382599527787 0.9856
0.066168842653 0.9852
0.048490776383 0.9848
0.0486237726476 0.9844
0.0384539129319 0.9872
0.0554763575807 0.9836
0.0458554470191 0.9852
0.0347052602085 0.9864
0.0452622064912 0.9848
0.0562832397088 0.9872
0.0458846916367 0.9848
0.0581572683318 0.9844
0.0545330275067 0.9832
0.0396887143237 0.9852
0.0419465918764 0.9888
0.0519145935215 0.9844
0.0361303403734 0.986
0.0502988750814 0.9828
0.0484156861742 0.9832
0.0417479248221 0.9892
0.0471878893604 0.9844
0.0499016024477 0.9844
0.0425016460724 0.9844
0.0600943521579 0.9812
0.0387366163028 0.9888
0.0460942542614 0.9828
0.0496793941456 0.9856
0.0455001019529 0.9844
0.0377026304093 0.9864
0.0490939314134 0.9848
0.0429190174014 0.99
0.0477123243421 0.9844
0.0537293471601 0.9844
0.0438378627696 0.9852
0.0518965094647 0.9852
0.0415854191595 0.9828
0.0558537004373 0.982
0.0528244899053 0.9852
0.0438567259204 0.9852
0.0525956851069 0.9856
0.0571891561328 0.9828
0.0413467821062 0.9872
0.0318228858389 0.9908
0.041193019567 0.9872
0.0520486809852 0.9868
0.0537616557256 0.9852
0.036409837733 0.9892
0.0465825879052 0.984
0.044592314024 0.9868
0.0453698746271 0.9816
0.0472377050482 0.9876
0.0477883882883 0.9856
0.0577478277529 0.982
0.0488703950304 0.984
0.0512424645073 0.984
0.0460121553838 0.9872
0.0488095133659 0.9884
0.0354277915999 0.9888
0.0441879754449 0.9832
0.0459254806346 0.9872
0.0520717259456 0.986
0.0444163382362 0.9864
0.0382955211666 0.9912
0.0489031538326 0.9852
0.0461892015864 0.9864
0.0342734812966 0.988
0.0379096958466 0.9872
0.0575527765468 0.9848
0.0442923950841 0.986
0.04090668948 0.9852
0.0443134966593 0.9844
0.0553267345994 0.9812
0.0381962029257 0.9872
0.0599129660483 0.9828
0.0452164755493 0.9888
0.043037707134 0.9876
0.047268733723 0.9864
0.0500355148852 0.9848
0.0465113840292 0.982
0.0589055738027 0.9808
0.0409457631002 0.986
0.0562463724389 0.984
0.0487531568879 0.9828
0.0359775397038 0.9904
0.0425448071619 0.9872
0.0425346253254 0.9868
0.0436243128367 0.9872
0.0435094513174 0.986
0.0475812422651 0.9864
0.0388170568194 0.9884
0.0593302016945 0.9816
0.0474494659678 0.9852
0.0505901001697 0.9844
0.044979259558 0.9864
0.0451960811027 0.9872
0.0467958152585 0.9844
0.0405380840215 0.9868
0.0433803925713 0.9844
0.0476715871103 0.9844
0.0424505021093 0.9864
0.0446483437606 0.9876
0.0394537971435 0.9876
0.052762215632 0.984
0.0417836344931 0.9892
0.0489056966415 0.986
0.0415225323471 0.9872
0.0463107860622 0.9872
0.0418951205355 0.988
0.0355187101088 0.988
0.0340643765924 0.9872
0.051332746765 0.9824
0.0444286144705 0.9832
0.0386938455433 0.9876
0.0587468278014 0.9804
0.0503091189619 0.9832
0.0447178114641 0.986
0.046523618538 0.984
0.0319524550424 0.9872
0.0475800568213 0.9832
0.0507957847369 0.9824
0.0557959903542 0.984
0.0512580354718 0.9836
0.0443618768346 0.9868
0.0333385529962 0.9904
0.0334933913445 0.9876
0.0438431798173 0.9876
0.0428726695863 0.9856
0.0460203453218 0.9832
0.0559969434581 0.9832
0.0555661085875 0.9836
0.0522336256224 0.9832
0.0517014496812 0.982
0.04339111571 0.9872
0.042316694647 0.986
0.0471327211571 0.9836
0.0444988238386 0.9852
0.0357069906604 0.9888
0.045967533563 0.9864
0.0526520602556 0.9864
0.0467049428967 0.9856
0.0349784318843 0.9904
0.039639216828 0.986
0.0568665602732 0.982
0.0389523008083 0.9868
0.0553277094451 0.9828
0.0471457834609 0.986
0.0474795817999 0.986
0.034915490766 0.9916
0.0369856419394 0.9912
0.0468682394251 0.9872
0.0422759200854 0.9876
0.0365468666594 0.9872
0.0389791945714 0.9884
0.0378121625669 0.9864
0.0455171912319 0.9844
0.0462359533353 0.9864
0.0540715894843 0.9812
0.0500264767978 0.9876
0.0447991985509 0.9876
0.0363551518692 0.9884
0.0467851200923 0.9864
0.0584156860215 0.9812
0.0565824190413 0.982
0.042330555899 0.9856
0.0544998600913 0.9788
0.0454508250866 0.9864
0.0411747320461 0.9844
0.0392857014686 0.99
0.0426903616464 0.986
0.0400077217637 0.9872
0.0341560095621 0.9888
0.0512044224629 0.984
0.0406107504858 0.9864
0.0373520933348 0.9888
0.0470555521802 0.9836
0.0485355010897 0.9848
0.0390852243696 0.9856
0.0504573919113 0.9836
0.0451229049375 0.9836
0.0510203410878 0.9832
0.048666418649 0.9816
0.0591538098504 0.9864
0.0385662516653 0.9876
0.0360141448668 0.9888
0.0506453415298 0.9836
0.0361652337724 0.9908
0.0552560250642 0.9816
0.0319938147204 0.9916
0.041378873376 0.9848
0.0437547619607 0.9836
0.0343009057789 0.9892
0.0510005598232 0.9876
0.0468732550054 0.9832
0.0455813779226 0.9872
0.0437979047033 0.9852
0.0525202530922 0.984
0.0510882989316 0.9812
0.0491181350127 0.9844
0.0348550777915 0.9892
0.0454653810594 0.9856
0.0452449469936 0.988
0.0509674705733 0.9852
0.0409536418556 0.9884
0.0393353031141 0.9876
0.0381596289632 0.9876
0.0464221943641 0.9872
0.0411571076953 0.9884
0.0486787353285 0.9864
0.0330077592252 0.9892
0.049540513877 0.9848
0.0444275356954 0.9836
0.0322866483467 0.99
0.0440110664617 0.9872
0.0412143527734 0.99
0.0409007941796 0.9876
0.0409050552805 0.9876
0.0504218813652 0.984
0.0446529953689 0.9872
0.042056992927 0.9868
0.0448396866139 0.9856
0.0378860590839 0.9872
0.0563520749699 0.9852
0.0545141971863 0.9848
0.0534974626634 0.9868
0.0295294145936 0.9908
0.0298991109329 0.99
0.0382341785927 0.9872
0.0396534483808 0.9876
0.0484126856262 0.9828
0.0408586055282 0.988
0.0540750391547 0.9824
0.0497149273918 0.9852
0.0510552347756 0.9856
0.0424925279372 0.988
0.0498770874469 0.9852
0.0350804617228 0.99
0.0399479454319 0.9872
0.0331691718283 0.9896
0.0571555669877 0.9844
0.0391643858212 0.9884
0.0437251246291 0.9868
0.0380719315372 0.9896
0.0419697660831 0.9884
0.0397977017831 0.9876
0.0358271769722 0.99
0.0299930127365 0.992
0.0442226754895 0.988
0.0494970637538 0.9812
0.0368960484357 0.9876
0.0475264435281 0.9848
0.042380157834 0.9852
0.0393966980391 0.9872
0.0341768693854 0.9872
0.0412434751204 0.9864
0.0483089693503 0.982
0.0376816894272 0.9884
0.0482622646433 0.9836
0.0450156888776 0.99
0.0449725672729 0.988
0.0521258569014 0.9824
0.0390283984785 0.9872
0.0509774767249 0.986
0.0461212996622 0.9852
0.0413592681654 0.9868
0.0424971636354 0.9884
0.0592351572664 0.9832
0.0428835870385 0.988
0.0349610096567 0.9876
0.0327811317678 0.9908
0.0384948958449 0.9884
0.0542764406001 0.9808
0.0467373373013 0.9872
0.0384937456092 0.9876
0.0455689583147 0.9864
0.0434074487872 0.984
0.0518696612858 0.9856
0.0453185382819 0.9864
0.0354800449427 0.9868
0.0400005415652 0.9872
0.0485793143442 0.986
0.0427943191476 0.9884
0.0385844823438 0.9868
0.0388959231853 0.9856
0.0536919273915 0.9868
0.0335658124921 0.9904
0.0405375437612 0.9876
0.03692469824 0.9888
0.059409393407 0.9828
0.0351324290752 0.9872
0.0521837631328 0.9824
0.0571730013253 0.9856
0.0466721087219 0.9864
0.0598254902665 0.9812
0.0414082128535 0.9872
0.0364231573014 0.9908
0.0397939402162 0.9872
0.0355820660545 0.9856
0.0392626175924 0.9872
0.037306401195 0.988
0.0392064978566 0.9884
0.0501170075899 0.9828
0.0458072924766 0.9864
0.0382484946377 0.988
0.0515829879401 0.9868
0.0366723423262 0.9904
0.0411076148728 0.9872
0.0425500019843 0.9872
0.0500371238625 0.9876
0.0390420692244 0.9884
0.0462770465573 0.984
0.0455007073316 0.9848
0.0385540012751 0.9868
0.0419090347705 0.988
0.0363760861178 0.988
0.0393624915504 0.9872
0.0419099345424 0.9856
0.0477686238043 0.9836
0.0374091338483 0.9872
0.0425055446863 0.9848
0.0332191475742 0.9908
0.0367801101899 0.99
0.0394954351319 0.9896
0.0429371830908 0.9852
0.09872853035 0.9716
0.0495071279913 0.9836
0.0420406296452 0.984
0.0400423312559 0.9896
0.0298100141669 0.9904
0.0451316398522 0.99
0.0513199515269 0.9852
0.0474759270007 0.9864
0.0405414287383 0.9884
0.0439035002141 0.9884
0.0485370515284 0.9848
0.0447889384618 0.986
0.0439704427345 0.9856
0.0506876530129 0.988
0.0398533769317 0.9876
0.0372772628757 0.9848
0.0484618473096 0.9856
0.0452718347856 0.9844
0.0365251853065 0.9872
0.0336810230996 0.99
0.0438370087494 0.9864
0.0301516970694 0.9904
0.0509218983593 0.9832
0.0244133325559 0.9916
0.0486185494463 0.9844
0.0544491094249 0.986
0.0553525651897 0.984
0.0341449758995 0.9908
0.0494583795978 0.9844
0.0440170309294 0.986
0.0280470366155 0.9888
0.0483554302636 0.9864
0.034657258456 0.99
0.0466903288563 0.988
0.0458770423925 0.9864
0.0413000343615 0.9868
0.038998852922 0.9872
0.0485067280006 0.9828
0.0385664616817 0.9872
0.0468838450805 0.984
0.0420651243111 0.986
0.0379395558674 0.9876
0.0400818568189 0.9872
0.0418850961315 0.9872
0.0478337153933 0.9864
0.0315251714205 0.9888
0.0376480860973 0.9876
0.0535228920748 0.9848
0.0382646141534 0.9876
0.0395457678798 0.99
0.0368584448601 0.9888
0.033679916624 0.9884
0.037861159608 0.9856
0.0462401149532 0.9868
0.0348917892724 0.9872
0.049732709883 0.9864
0.0395492291815 0.9904
0.0428843600254 0.9892
0.0428222015115 0.986
0.0472871479545 0.9876
0.0580829331818 0.9808
0.0378919554404 0.9872
0.0464059950846 0.9848
0.0419868106803 0.9864
0.0286302394303 0.9872
0.0305493941245 0.9896
0.0560468534047 0.9804
0.0422434226863 0.9868
0.0445409061482 0.9848
0.0354530342076 0.9884
0.0402857816359 0.9864
0.0403181193492 0.9864
0.0480139811427 0.9868
0.0412228721546 0.9832
0.0460137211917 0.9828
0.029377314948 0.9904
0.0558900625578 0.9832
0.0434006487295 0.9892
0.0519828504167 0.986
0.0334945353653 0.9884
0.0423084341877 0.9884
0.0431575863925 0.9868
0.0366405629815 0.9888
0.0410278270632 0.9852
0.0445935072308 0.9876
0.0538628344481 0.9844
0.0343010969482 0.9884
0.0485608416218 0.9836
0.0380932392363 0.9884
0.025832968345 0.9912
0.0301280954614 0.9932
0.0300809277912 0.9908
0.030564999702 0.99
0.0497725970529 0.9852
0.0401152097117 0.9856
0.0425190872932 0.9856
0.0574312861881 0.9844
0.0523232824704 0.9848
0.0349079212804 0.9876
0.0515073362742 0.9856
0.0343303751425 0.9892
0.0466020623373 0.9844
0.0407050898281 0.9864
0.041227465498 0.9844
0.0381194054102 0.9868
0.051871715616 0.9852
0.0412655983353 0.9884
0.0403418984826 0.9892
0.0421027377174 0.988
0.0408948815852 0.9868
0.0372032708143 0.9892
0.0385106974282 0.9844
0.0485562460305 0.9848
0.0685787989778 0.978
0.0295199141873 0.9912
0.0414256334075 0.986
0.0411292190848 0.9868
0.0349008588906 0.9904
0.0407408365931 0.9868
0.0350830966461 0.9892
0.0403631869636 0.9868
0.031213641761 0.9884
0.0464739487036 0.9856
0.031492776388 0.988
0.0398385820916 0.9904
0.0453638709151 0.9856
0.0407769260335 0.9876
0.0459507350666 0.9832
0.0425055006688 0.986
0.0381445875533 0.9876
0.045910065951 0.9848
0.0439896100812 0.9852
0.0385524302458 0.9888
0.0490677456938 0.986
0.040464306382 0.9856
0.0323183393593 0.9892
0.0373005853415 0.9884
0.0409147102724 0.9868
0.0499126674187 0.9812
0.0350400063449 0.9884
0.0370663988609 0.9888
0.0328346336334 0.9908
0.0419444404325 0.9872
0.0410548352805 0.9908
0.0391503711783 0.9856
0.039093955337 0.986
0.0304492028079 0.9896
0.0576171138451 0.9844
0.0417203919415 0.986
0.0408687441201 0.9848
0.0310306820639 0.99
0.0342210376022 0.988
0.0431227481553 0.9852
0.0363989578767 0.9892
0.0421164273807 0.9848
0.0403212526517 0.9896
0.0583065920959 0.9812
0.0402104346984 0.9916
0.0563977138813 0.9832
0.0425098945345 0.986
0.0429659549082 0.9892
0.0385426216826 0.9872
0.039289226503 0.986
0.0285238753566 0.992
0.0477612121263 0.984
0.030713926444 0.9896
0.052571461106 0.9824
0.0322044607295 0.9904
0.0363758092311 0.9852
0.0318592424274 0.9872
0.0341042614569 0.9888
0.0331679021618 0.9916
0.0510633372829 0.9856
0.0371734887506 0.9884
0.0413202094009 0.988
0.0434146391438 0.9864
0.0418286078844 0.9852
0.0430590970479 0.9872
0.048779681012 0.9852
0.0392055828144 0.9888
0.0457219123019 0.9844
0.0488995803584 0.986
0.0418558224085 0.9876
0.0358088632463 0.9888
0.0455009750422 0.9876
0.0448405973124 0.9868
0.0391884755765 0.988
0.0339024480356 0.9904
0.0346204528932 0.9904
0.0443063558926 0.988
0.0404028720702 0.9852
0.0475556819253 0.988
0.041189801623 0.9856
0.0439028272359 0.9856
0.0404498342971 0.9888
0.0394525061962 0.988
0.0346946269091 0.9888
0.0340674275514 0.9888
0.0484628416996 0.9844
0.0588502995989 0.9848
0.0437080485009 0.9864
0.0414424699359 0.9864
0.0318627684005 0.988
0.0388330070449 0.9876
0.0292157810895 0.9884
0.04485345906 0.9856
0.0373299769226 0.9876
0.0470413123807 0.9864
0.0300547627939 0.992
0.0359912274152 0.99
0.0383419630257 0.9872
0.0371807465185 0.9912
0.0388606791528 0.9892
0.0472358568193 0.9844
0.0321965054148 0.99
0.0361014599091 0.9888
0.0489335310268 0.9836
0.0336967648218 0.9884
0.0322872874708 0.99
0.0364839960202 0.9908
0.0372983739711 0.986
0.0382455708603 0.9876
0.0496733056406 0.9864
0.0521307907825 0.9844
0.0406926264861 0.986
0.0479057628283 0.9852
0.0221614829368 0.9916
0.0516647179935 0.9844
0.0438273528737 0.9868
0.0443842263724 0.988
0.0417735052054 0.986
0.0308583759977 0.9896
0.0447931455392 0.9872
0.0350033355749 0.9896
0.0446750508995 0.986
0.0425295635652 0.9844
0.0358681942878 0.9892
0.0661589838581 0.9832
0.050191377905 0.9844
0.0377995315758 0.9892
0.0301582055881 0.99
0.0497447637867 0.9836
0.0373751484937 0.9876
0.0375467798773 0.9888
0.0306936200632 0.9904
0.0460224175139 0.9868
0.0386760314153 0.9884
0.0310952737558 0.9908
0.0411543896366 0.9844
0.0374854576739 0.988
0.0303746994492 0.99
0.0398884835983 0.9848
0.0404667637948 0.9876
0.0350899076152 0.9892
0.043171581042 0.9868
0.0449655659753 0.9848
0.041653319828 0.9872
0.0404282031551 0.988
0.0283782196432 0.9912
0.0488074414336 0.9844
0.0256347837531 0.9892
0.0308606347535 0.9932
0.0322455110308 0.9876
0.03056314996 0.9912
0.03496438748 0.9872
0.038187965828 0.99
0.0394442310852 0.986
0.0461205952929 0.9884
0.0397074651659 0.986
0.0472318927012 0.9864
0.0356527013302 0.9884
0.0428602958058 0.9868
0.0557501009072 0.9848
0.0430560309269 0.9868
0.0509519531057 0.9844
0.0444812403632 0.9864
0.0442850217697 0.9856
0.0378015848416 0.9888
0.0403229518895 0.9856
0.0417804797873 0.9884
0.0394612392682 0.986
0.0405027536026 0.9868
0.0403276758609 0.988
0.0332778615206 0.9908
0.0281041031357 0.9912
0.0232673171204 0.9928
0.0496109024651 0.988
0.0304761979277 0.9904
0.0365799182655 0.9892
0.038457838006 0.9876
0.0342198406356 0.9884
0.0454424059172 0.986
0.0548314738864 0.9852
0.0524271428575 0.9832
0.0400254203301 0.986
0.0439534779845 0.9868
0.0408007997829 0.9856
0.0316447923141 0.9916
0.0420795440933 0.9868
0.0446662044439 0.9868
0.0403015451618 0.9832
0.0448581480026 0.9868
0.036783478727 0.9888
0.0305746333756 0.9896
0.0420726459927 0.9892
0.0368617791634 0.9892
0.0408707758102 0.9876
0.0376199887238 0.9852
0.0329824789409 0.9892
0.0349463259181 0.9872
0.0407708701035 0.9864
0.039465758333 0.99
0.0418299388155 0.9864
0.0286716953595 0.9912
0.0270544724098 0.9904
0.0482202039733 0.9856
0.0526438211313 0.9836
0.0440802251718 0.9884
0.0485907854039 0.9852
0.0321489466401 0.9884
0.0392367802567 0.986
0.0301671579827 0.9904
0.0444343862539 0.9852
0.0500011537908 0.9836
0.0465732322676 0.9884
0.0422229002124 0.9864
0.0308040007422 0.99
0.0500128885379 0.982
0.0253608813082 0.9908
0.0350566933516 0.988
0.0402336415453 0.9904
0.038664508837 0.988
0.0467548603113 0.9856
0.0323567844756 0.9872
0.0341143423682 0.9888
0.0359917063494 0.9896
0.0307851749087 0.9896
0.0508832337769 0.9852
0.0410448725134 0.9872
0.0265454091958 0.9936
0.0283005609604 0.9892
0.0338586879654 0.9892
0.0426514421122 0.9896
0.0298275904676 0.9908
0.0466961969941 0.9852
0.0464505019858 0.9872
0.0468243607511 0.9864
0.0411254207143 0.9876
0.0506877074599 0.9836
0.0421161511964 0.9868
0.0469764697325 0.986
0.0331233797745 0.9912
0.0417681899651 0.9876
0.0510217281746 0.9856
0.0486544231793 0.9856
0.0315667653097 0.9904
0.032426936327 0.9912
0.0533469182377 0.9836
0.0309412175372 0.9928
0.0296981756176 0.9904
0.0424339095523 0.9864
0.036202805899 0.9888
0.0456478148538 0.9864
0.0314781223621 0.9908
0.0388374493764 0.9872
0.0357845870321 0.9884
0.0349713029066 0.9876
0.0426722647486 0.988
0.0416900047992 0.9868
0.0393380893551 0.9888
0.0338647951905 0.9888
0.0429091131244 0.9868
0.036164114576 0.9884
0.0335083928639 0.9892
0.04841424855 0.9828
0.0327613074147 0.9896
0.0386596702682 0.9888
0.0406105061643 0.9876
0.0434281340519 0.9864
0.0387434973391 0.9884
0.0390938488048 0.9868
0.0332256604004 0.9888
0.0475594997132 0.9868
0.0426185034519 0.9864
0.0401653490626 0.9904
0.0284648149955 0.9904
0.0365120665649 0.9884
0.031110662802 0.9888
0.0395966404829 0.9856
0.0295767066022 0.9908
0.0601012435239 0.9848
0.0326470544932 0.9896
0.0427063597483 0.9848
0.0302077198252 0.99
0.0492506214368 0.9876
0.040760091403 0.988
0.042738187452 0.9864
0.0348534603511 0.9904
0.0363997873583 0.99
0.0399006463109 0.9868
0.0311771990171 0.9908
0.0321727121134 0.9904
0.0587656647389 0.9852
0.0376548246767 0.9868
0.0342762494854 0.9916
0.0393053909763 0.9888
0.0470299321196 0.9856
0.0366747052465 0.9896
0.0371593471227 0.9872
0.0340134629502 0.9908
0.0480040671238 0.9868
0.0347748435934 0.9884
0.0347575180362 0.9892
0.0243353420405 0.9912
0.037517905224 0.9852
0.042612936985 0.9856
0.0341007093529 0.9888
0.0358609833831 0.9872
0.0479926437177 0.9884
0.0405990647065 0.9888
0.0419959856597 0.9852
0.0450904436262 0.9856
0.0374477020423 0.9884
0.0362933296288 0.9892
0.0276453268621 0.99
0.0333974070277 0.9892
0.0381543841256 0.9868
0.0339732214792 0.9888
0.0296518874862 0.99
0.0353496353711 0.9892
0.0441941325927 0.9852
0.0399136814469 0.9888
0.0449869977267 0.9856
0.0391654721712 0.9852
0.0503914472971 0.9868
0.0294444140487 0.9912
0.0450161393161 0.9852
0.0394427101094 0.9872
0.0419547663502 0.9844
0.0481536644676 0.986
0.0288306970355 0.9916
0.0397266420291 0.9868
0.0345924334775 0.99
0.0359287911704 0.9888
0.045280247667 0.988
0.0387381714942 0.9876
0.0395618319113 0.988
0.0338858369823 0.9888
0.028801847899 0.9916
0.0399286362151 0.9868
0.0379984283585 0.9896
0.0407459851538 0.9868
0.0336873623101 0.99
0.0412596435019 0.984
0.0362789517019 0.988
0.0301709952851 0.9924
0.0394494782371 0.9888
0.0344236966659 0.9864
0.0406431398117 0.9876
0.0375486065814 0.9888
0.0454184327472 0.9876
0.0394189557213 0.988
0.0408499621611 0.986
0.043650195209 0.9876
0.0403260495047 0.9852
0.0312935406807 0.9896
0.0481922895723 0.9852
0.0354852013744 0.9888
0.0464711463892 0.9888
0.0402535006995 0.9888
0.0359097446281 0.9884
0.0342606262325 0.9868
0.0366154740795 0.99
0.0355125210427 0.9868
0.0382246601258 0.9912
0.0374775881909 0.99
0.0381285614367 0.9876
0.03057085663 0.9908
0.0338294381667 0.99
0.0329708909153 0.9896
0.0427812416194 0.9872
0.0505907697262 0.9856
0.0380859167826 0.9856
0.0328623751893 0.988
0.0391334180566 0.9864
0.0377421851648 0.9864
0.0303808492516 0.9896
0.0338407464101 0.9892
0.0455570277698 0.986
0.031936729357 0.9912
0.035072354669 0.9884
0.0324598199402 0.9884
0.0488127455409 0.9852
0.0418316084841 0.9868
0.0489451732276 0.9892
0.0323631435614 0.9912
0.0313583748498 0.9888
0.0441913848365 0.9836
0.0280135806993 0.9912
0.0493177952914 0.9868
0.0425330426197 0.9876
0.0423660128637 0.9872
0.0398691211994 0.9888
0.0340621383949 0.9896
0.0353977327305 0.9888
0.0332714172807 0.9908
0.0436329145747 0.9864
0.0373108054832 0.9892
0.0417908229313 0.9868
0.0364765929074 0.9896
0.0342522756522 0.9892
0.0441862415126 0.9844
0.0361268918624 0.9876
0.033293745816 0.9872
0.0373060492727 0.9876
0.03215691067 0.992
0.038040063329 0.9896
0.0364371148351 0.9884
0.0360503027022 0.99
0.0338171608419 0.9876
0.0417414075241 0.9884
0.0298597957613 0.9908
0.0482599535387 0.9864
0.0337607844105 0.9876
0.0373888061433 0.9872
0.034348089847 0.9924
0.0414949797108 0.9888
0.0326824727789 0.9892
0.0366208080873 0.9888
0.0346469914834 0.99
0.0426863197211 0.9876
0.0447603110866 0.984
0.0433604472994 0.9876
0.0303430618075 0.9888
0.0368776099408 0.988
0.0436693807492 0.9876
0.0323732167574 0.9884
0.045002375641 0.988
0.0372104578461 0.988
0.0339365549164 0.9924
0.0384432302296 0.986
0.0432004308178 0.9868
0.0269301316169 0.9908
0.0390060945792 0.9868
0.0357081344663 0.9888
0.0355929039288 0.9884
0.0436114362372 0.9852
0.0330507532075 0.9908
0.0410438221445 0.9876
0.0491085656623 0.9864
0.0478192283013 0.9864
0.026745480683 0.9916
0.0327190709809 0.9924
0.029776578601 0.9896
0.0385387292458 0.9868
0.0405850109117 0.9892
0.0243127874935 0.9928
0.0304627246855 0.9896
0.0465831182128 0.9888
0.0340014519931 0.9888
0.0360208102723 0.9876
0.0425941866511 0.9876
0.0548870453298 0.9824
0.0305249894631 0.9892
0.0359847093043 0.9872
0.0390958082436 0.9888
0.0295462938904 0.9896
0.0483291228142 0.9888
0.0255862135945 0.9924
0.0353402563487 0.9892
0.0358636048997 0.9872
0.0341599563848 0.99
0.0339087791142 0.9884
0.0389781254221 0.9864
0.0328589971364 0.9872
0.0270049960682 0.9904
0.0332298894131 0.9888
0.032849646809 0.992
0.0360727293289 0.9876
0.0467121906361 0.9868
0.0410456528895 0.9832
0.0396073114032 0.9876
0.0396294234919 0.9892
0.0507561311014 0.9836
0.0518716032026 0.984
0.0303949395659 0.99
0.0439282989851 0.986
0.0294750365728 0.9928
0.0403285259914 0.988
0.0336595734398 0.9904
0.0370859812033 0.9888
0.0321027881463 0.9916
0.0233977457519 0.9932
0.0346319862646 0.9896
0.0350692851827 0.9904
0.0346883707659 0.9884
0.0339959499336 0.9892
0.0276163069695 0.9912
0.0430356288431 0.9844
0.0440908863751 0.986
0.0244450699645 0.992
0.043192504922 0.988
0.0420412875344 0.9864
0.0396902409219 0.9856
0.0518169672059 0.9836
0.0370639939637 0.9888
0.0312203451552 0.9912
0.0303750399722 0.9896
0.0405606637738 0.9864
0.045954302104 0.986
0.0322291043937 0.9892
0.0348783192185 0.99
0.0444054995091 0.9864
0.0391423110342 0.9892
0.0417078058803 0.9868
0.041027030695 0.9876
0.0326907047061 0.9884
0.0283712132572 0.9892
0.0333110543712 0.9912
0.0347527120624 0.9916
0.0312990118143 0.9896
0.0469167001507 0.984
0.029659828508 0.9896
0.0374449246904 0.9884
0.0309337662046 0.9908
0.0328562714404 0.988
0.0410789974297 0.9892
0.0439851649596 0.9876
0.0420144034172 0.9888
0.039093491071 0.988
0.0510076689479 0.9848
0.0380491016772 0.9896
0.0370355522283 0.9884
0.039074632274 0.9892
0.03213988414 0.9896
0.0406182690763 0.9876
0.0330762040361 0.9912
0.0435533581801 0.986
0.0381996687664 0.988
0.0324268202672 0.992
0.0383281793189 0.988
0.0306996163542 0.99
0.0402917580762 0.9872
0.0468792948568 0.9864
0.0415505647101 0.9856
0.0361150275307 0.9872
0.0444664494812 0.9856
0.0384430285868 0.9864
0.04186648765 0.988
0.0357596496037 0.9884
0.0410115385387 0.9876
0.0458226992369 0.9852
0.0310400215975 0.99
0.036466503307 0.9884
0.0302950491902 0.9904
0.0367434852006 0.9888
0.0312574997508 0.9912
0.0398058408847 0.9884
0.0291476292842 0.9908
0.0295063550422 0.9908
0.0388974148208 0.988
0.0432154453135 0.9868
0.0262150633224 0.9892
0.0464073024873 0.9876
0.0321073423599 0.9916
0.0385376230713 0.9876
0.032494509397 0.9888
0.0289918335554 0.9904
0.0370950539471 0.9876
0.037517425917 0.9876
0.0390038921483 0.9892
0.043205830637 0.9876
0.0498389876199 0.9876
0.0371624504383 0.988
0.0366690212627 0.9892
0.0288477747309 0.9896
0.0288108263884 0.9892
0.0331111930299 0.9892
0.03966620922 0.988
0.0383093202356 0.9892
0.0380314705967 0.99
0.0488943546615 0.982
0.0373718301806 0.9872
0.0290924681949 0.992
0.0363573585056 0.9888
0.0373282934919 0.9872
0.0325427846005 0.9888
0.0360633365819 0.9888
0.0243737021086 0.9908
0.0359159311322 0.9908
0.0362689919959 0.9892
0.0317396041283 0.9904
0.033761665885 0.99
0.0337383450308 0.9908
0.0353885257038 0.9872
0.0284924074357 0.9888
0.0338860637859 0.99
0.034021014881 0.9884
0.0345400711292 0.9892
0.0352706387077 0.9908
0.033636070332 0.9896
0.0344868018073 0.9888
0.0550337008129 0.9828
0.0321776148627 0.9916
0.0455592545692 0.9848
0.0522302829248 0.9868
0.0328220691798 0.99
0.0384400764301 0.9856
0.0348742183681 0.9876
0.0378743457656 0.9884
0.0412526645888 0.9876
0.0365776363695 0.9896
0.0264234391818 0.9896
0.038916670469 0.988
0.0328257763675 0.9888
0.0308552295502 0.9912
0.0308187356217 0.9884
0.0328137027134 0.9904
0.0393543752391 0.99
0.0216371774754 0.9932
0.0311026317355 0.9904
0.0238805821042 0.9912
0.0368845061225 0.9884
0.0340945112773 0.9876
0.03293706616 0.9876
0.0485851897583 0.9852
0.0376667357428 0.9872
0.0477107490201 0.9848
0.0393311076378 0.9892
0.0292422095273 0.9904
0.0460823658488 0.9868
0.0370497492246 0.9896
0.0425008310871 0.9872
0.0359810264487 0.9884
0.0600227878677 0.9836
0.0358625089371 0.9876
0.0309316815796 0.988
0.0396108860436 0.9876
0.0437710419436 0.988
0.034009198637 0.9892
0.034333648218 0.9908
0.0347417417866 0.988
0.0414174280572 0.9884
0.0395576462211 0.9872
0.02695418098 0.9892
0.0256102018585 0.9912
0.027090604792 0.9916
0.0415104113925 0.9856
0.0473174538734 0.9852
0.0320729296447 0.9904
0.0288828506695 0.9916
0.0353479777627 0.9884
0.0451374237656 0.9872
0.0275454903224 0.9908
0.0376688924928 0.9904
0.0470463637221 0.9864
0.0309940778702 0.9908
0.0388722616616 0.988
0.028432345589 0.9916
0.026741743354 0.9912
0.03330853913 0.9876
0.055408873727 0.9832
0.0338210774267 0.9892
0.0377477866907 0.9872
0.0313131799823 0.9876
0.0288213853098 0.99
0.035240988361 0.9908
0.0420106921706 0.9884
0.0293579795583 0.9924
0.0333584667556 0.9916
0.0440001859994 0.9896
0.0354909684316 0.9888
0.0408563677386 0.9884
0.0187913366004 0.9944
0.0407692219278 0.9872
0.0316964869655 0.99
0.0447988405468 0.9836
0.0418179470206 0.9888
0.0371124403122 0.9888
0.0351276740158 0.9876
0.0336623776569 0.9888
0.0322838918052 0.99
0.0365789820593 0.992
0.0308995508233 0.9908
0.0437590154133 0.9888
0.0327796028491 0.9892
0.0230225049762 0.9928
0.037874102818 0.988
0.038600492597 0.9896
0.0285144083628 0.9892
0.0364274547745 0.988
0.037784614949 0.9896
0.0333647268502 0.9896
0.0336512335823 0.9892
0.0347077655319 0.9896
0.030753983804 0.992
0.0362797615617 0.9872
0.0451655244844 0.9844
0.0374031448565 0.9884
0.0342369220094 0.9888
0.0419324488483 0.9876
0.0347353907459 0.9884
0.0352043280056 0.9888
0.0410053680112 0.986
0.0286455118055 0.9904
0.0425774705034 0.9868
0.0251004268323 0.9908
0.0350029712503 0.9904
0.0430273193323 0.9892
0.0366297621042 0.9912
0.0488675839965 0.9868
0.0323098588495 0.988
0.0368033728008 0.9888
0.0283950382411 0.992
0.0319075480764 0.99
0.0407117009572 0.9852
0.0431284628929 0.9876
0.0236217451042 0.9928
0.0307308263991 0.9892
0.0251380674399 0.9908
0.0469278917069 0.9884
0.0349760896381 0.9892
0.0506969374333 0.9848
0.0297698103305 0.9888
0.0307623562166 0.9904
0.0405676052902 0.9864
0.0332227226258 0.9876
0.0444238184081 0.9884
0.0247820852289 0.9924
0.0316046097597 0.99
0.0399674168228 0.9884
0.0281649224661 0.9908
0.0374720259398 0.9892
0.0449424617902 0.986
0.0362775337704 0.99
0.0280534002699 0.9892
0.0416819777492 0.9892
0.0295544582422 0.9924
0.0234055821676 0.9928
0.0367675625682 0.9912
0.0361821846657 0.9884
0.0359857366985 0.9888
0.039961637239 0.986
0.0348415935814 0.9908
0.0315253612653 0.9892
0.0431462209675 0.9872
0.0269695958057 0.9912
0.040513039279 0.9892
0.0505496872597 0.9868
0.0265749289981 0.9928
0.0325250319859 0.9888
0.04028500008 0.9888
0.0308542257855 0.9912
0.0278425057534 0.9908
0.0440629361749 0.9864
0.0341894397811 0.9888
0.0352135811151 0.9892
0.0324600160574 0.99
0.0404260079334 0.9836
0.0388537316354 0.9896
0.030640568623 0.9908
0.0320509826524 0.9884
0.0344437830293 0.9888
0.0318952464711 0.9888
0.0349238581026 0.9892
0.0290846597783 0.992
0.0325463088039 0.99
0.0431789860989 0.988
0.0331510309322 0.9904
0.0313173041632 0.9896
0.0311378758844 0.99
0.0552141788901 0.9836
0.0341920251335 0.9892
0.0432778810113 0.9832
0.0295798973799 0.9896
0.031192810987 0.992
0.0496597873618 0.9848
0.0369718663127 0.9892
0.0296842570712 0.9888
0.0340322895109 0.988
0.0299899208948 0.9892
0.0412566129577 0.988
0.0215461885244 0.9928
0.0378632223057 0.9884
0.0287180106651 0.9892
0.0381617764864 0.9892
0.033004270342 0.9892
0.0400813572386 0.9876
0.0341177906629 0.9884
0.0351369037963 0.9908
0.0395565075289 0.9872
0.0376420765075 0.988
0.030717149125 0.9892
0.0358726515629 0.9908
0.039397170842 0.986
0.0350187675537 0.9856
0.0401220395427 0.988
0.0366639927236 0.9896
0.0327954635027 0.9904
0.0415132072906 0.9888
0.0409970974876 0.9884
0.0268206888453 0.9884
0.0287645115252 0.9888
0.0445185287371 0.9884
0.0261933957269 0.9912
0.0311097994598 0.9884
0.0324909573447 0.9892
0.0415258577892 0.9848
0.0387265408777 0.9876
0.0363179546091 0.99
0.0467760756679 0.9844
0.0411144956443 0.9888
0.037941781374 0.9876
0.0281959772258 0.9912
0.0306659068191 0.9904
0.0284754084219 0.99
0.0212055684306 0.9952
0.0416325698655 0.9872
0.0302135715329 0.9908
0.0347827041929 0.9884
0.0306406076825 0.9888
0.0368711910759 0.99
0.034147667907 0.9884
0.0279290609955 0.9904
0.0427737990249 0.9876
0.0359637809609 0.988
0.033773031184 0.988
0.0236575277273 0.9932
0.0348553142925 0.9884
0.0254416177509 0.9924
0.0383036582037 0.9864
0.0381212129952 0.9884
0.0391172136166 0.9864
0.0263550198691 0.992
0.0350412553525 0.9888
0.0408163696219 0.9892
0.0389658148852 0.988
0.0389120327104 0.9872
0.0343789884915 0.9876
0.038245627287 0.9868
0.0444555546495 0.9904
0.0469496159199 0.9836
0.0320439853754 0.9888
0.0437556120619 0.9864
0.024145718241 0.9932
0.0323355189427 0.9916
0.0314514181114 0.99
0.0248912266708 0.9928
0.0285051136379 0.9896
0.0438685912424 0.9876
0.0419781679507 0.986
0.0319340788017 0.9896
0.0316339920909 0.9896
0.0380203184783 0.9884
0.0356791271308 0.988
0.0372110834364 0.9892
0.0266941058499 0.992
0.0417140577788 0.9904
0.0387575795638 0.9852
0.0320382937192 0.9896
0.022163666221 0.994
0.0347422894782 0.9912
0.0374467785602 0.9876
0.0265938234488 0.992
0.0294344658131 0.992
0.0385417588575 0.9868
0.0340356811074 0.99
0.0239220340113 0.992
0.0317835132424 0.988
0.0239520437573 0.9928
0.0443218402317 0.9868
0.0444268680665 0.986
0.04407643203 0.9868
0.0487308116571 0.984
0.0412392972187 0.9868
0.0465099234419 0.9852
0.0482477241727 0.9848
0.0287249547949 0.9896
0.0302354345926 0.9912
0.0277388790482 0.9912
0.0459990862691 0.9888
0.0302319376337 0.9892
0.0298419109693 0.9888
0.0310531015968 0.99
0.0306926210859 0.9892
0.037138623939 0.9876
0.0289586453689 0.9888
0.0285866927999 0.99
0.0308260961328 0.992
0.0349537860301 0.9892
0.0371131365172 0.9876
0.0402205747584 0.9844
0.0350563636207 0.9904
0.02648889051 0.992
0.0264341099165 0.9904
0.0427649651864 0.988
0.049105125324 0.9848
0.0305723810098 0.9908
0.038912422703 0.9892
