5.7896711875 0.3576
1.45280964292 0.5424
1.02528697134 0.6596
0.900156427425 0.7212
0.788803523918 0.7464
0.699440085516 0.7684
0.68360160694 0.7816
0.63239526899 0.8036
0.595546460845 0.816
0.556253724769 0.8308
0.560312685783 0.8312
0.521976967514 0.84
0.504884671598 0.8448
0.463956045308 0.848
0.449846858526 0.8556
0.435115421084 0.8668
0.417002714918 0.8672
0.408656106865 0.8752
0.399732191654 0.8744
0.377442855645 0.8768
0.366329168344 0.8816
0.355103317165 0.8888
0.326531762493 0.8992
0.338681713605 0.8988
0.343719582256 0.9012
0.309931086493 0.9048
0.30495853296 0.9036
0.27621890654 0.9168
0.311395192291 0.9048
0.320171654216 0.9012
0.255585644323 0.92
0.268097118574 0.9196
0.252381537396 0.9256
0.27466194409 0.9208
0.266819852473 0.9172
0.255954269548 0.9212
0.231917348841 0.9288
0.236571332129 0.9256
0.223537514018 0.93
0.243696632515 0.9264
0.21778034754 0.932
0.249779032115 0.9236
0.240823623671 0.9284
0.213980225255 0.934
0.228822410651 0.9264
0.195302550885 0.9376
0.208301264082 0.938
0.190600308735 0.9432
0.220624123178 0.9276
0.196662188053 0.944
0.16871270989 0.944
0.169386597564 0.9512
0.185545897112 0.9448
0.174398611657 0.9464
0.191676838376 0.9424
0.180319608433 0.9404
0.224842162744 0.9348
0.187970569231 0.9444
0.200019164578 0.9404
0.200733098898 0.9388
0.192944882665 0.9456
0.193549120353 0.9452
0.15817555426 0.9476
0.201388559786 0.9408
0.204031482938 0.9348
0.162865439301 0.9528
0.174209861216 0.9444
0.178393279943 0.9448
0.176647778795 0.9464
0.172673493223 0.9476
0.167233168292 0.9508
0.166701036454 0.9484
0.172190110901 0.9456
0.175833317564 0.9436
0.16040326907 0.9528
0.158314238379 0.9516
0.173720727812 0.9476
0.164203755869 0.952
0.15219536819 0.948
0.189550688838 0.9504
0.14445752928 0.9596
0.148182501846 0.9524
0.125691894352 0.9604
0.148865039472 0.9568
0.133077827678 0.9528
0.130039225371 0.9596
0.162487860941 0.9504
0.131232110145 0.9544
0.163469804953 0.9528
0.145107376841 0.952
0.140031328315 0.9528
0.136396240748 0.9564
0.163298567684 0.9448
0.125711829189 0.9616
0.138927798491 0.9584
0.138226411684 0.9544
0.149365828972 0.9548
0.137112902444 0.96
0.158043693567 0.9512
0.14330737919 0.9544
0.13596560319 0.9564
0.137970240583 0.9572
0.119112663388 0.962
0.145880611613 0.9544
0.138566937524 0.9552
0.126956873654 0.9612
0.1296423016 0.962
0.144646322008 0.9548
0.132166490407 0.9628
0.129880588761 0.962
0.140862243783 0.9532
0.138327246598 0.9544
0.14080927581 0.9556
0.156916968997 0.9516
0.135641122206 0.9528
0.146067504916 0.958
0.126092794981 0.9588
0.113570654373 0.9636
0.136241068342 0.956
0.142929953945 0.9592
0.106994927293 0.9652
0.114490612125 0.9648
0.132375779227 0.9576
0.138861228346 0.9576
0.123899660188 0.9624
0.139752828322 0.9584
0.147786315234 0.9548
0.123395920049 0.958
0.132500499453 0.966
0.126363533923 0.9672
0.11631109847 0.9676
0.108109479798 0.9632
0.128132707215 0.9616
0.119192545032 0.9672
0.13358880083 0.9568
0.121030109554 0.9612
0.110495685631 0.964
0.112173229143 0.9652
0.104206279415 0.9672
0.114478158791 0.964
0.132743410891 0.9608
0.136711316092 0.9568
0.100410528125 0.97
0.114705116739 0.968
0.10246606882 0.9672
0.125147749067 0.964
0.103330254104 0.9664
0.111277234874 0.9616
0.125531317545 0.9588
0.123823960035 0.9656
0.108733015144 0.9656
0.0909696036537 0.9736
0.115837697293 0.9656
0.109908999957 0.9692
0.123172913457 0.9588
0.114699237882 0.9608
0.117787716554 0.9644
0.120174948276 0.9624
0.123567683445 0.9636
0.115339580848 0.9648
0.114446301107 0.9664
0.102137253161 0.9672
0.117786786421 0.9632
0.126151147342 0.9612
0.112591486989 0.964
0.0905055485869 0.97
0.124766106359 0.964
0.113427070385 0.9608
0.121270306703 0.9624
0.0995004567694 0.9684
0.105439459775 0.966
0.112815649545 0.9628
0.13219696024 0.9616
0.112236535631 0.9684
0.127976073521 0.9612
0.112771746819 0.964
0.110194358484 0.9612
0.120804186656 0.962
0.111267107505 0.9676
0.123958487822 0.968
0.0947512070408 0.9732
0.130053892609 0.9612
0.11655835766 0.966
0.117212652232 0.9612
0.110554214866 0.9628
0.122049162766 0.9652
0.0794113100496 0.9712
0.108037539363 0.9676
0.104592784728 0.9664
0.11137475227 0.9632
0.117267359254 0.9624
0.0981815068444 0.9688
0.109384861995 0.9644
0.120956371681 0.9636
0.107612065676 0.9696
0.123753532362 0.9644
0.0879919165544 0.9712
0.108024151083 0.9684
0.0948613399171 0.9688
0.105623524581 0.966
0.09126616301 0.9744
0.109212383335 0.968
0.100251336163 0.9672
0.0917484680668 0.9688
0.113781144416 0.9628
0.11051617422 0.9672
0.0865372993369 0.974
0.103505459669 0.9656
0.0888380812886 0.972
0.0934298371504 0.9692
0.104680537946 0.9696
0.116978448636 0.9624
0.10779974787 0.9656
0.111164932695 0.968
0.102818336681 0.9692
0.112346059458 0.9668
0.101332303492 0.9644
0.0987712753546 0.9676
0.101919697369 0.9696
0.115392602017 0.966
0.118178214208 0.9648
0.109892412188 0.9656
0.0904934002426 0.9752
0.103152291539 0.9644
0.0955345951907 0.9716
0.0990023049485 0.9668
0.103416506859 0.966
0.112013054274 0.9696
0.102039595876 0.972
0.101673105523 0.9684
0.113687328062 0.9652
0.108609985144 0.9664
