2.34439655744 0.6596
0.492589051451 0.8624
0.36850426796 0.8892
0.326171927104 0.9076
0.247598814884 0.9232
0.277329584061 0.9212
0.234719950034 0.932
0.219144941855 0.9352
0.241867544059 0.9304
0.211651149721 0.9352
0.179174532545 0.9484
0.197533369345 0.9404
0.191011213478 0.9428
0.170141290304 0.9488
0.164373774699 0.946
0.158439573361 0.9504
0.15820930439 0.9552
0.170673783644 0.9476
0.178272039622 0.9472
0.138160217301 0.9556
0.136518191595 0.9548
0.141793240385 0.9528
0.139618694349 0.9548
0.137430093682 0.9604
0.131730444725 0.9652
0.124420774132 0.9632
0.126597060453 0.9596
0.0994826244218 0.968
0.129964031333 0.966
0.120965873456 0.9692
0.117453560556 0.962
0.129208827809 0.9596
0.118981495872 0.962
0.11891996478 0.9608
0.0985506477206 0.9696
0.103830091542 0.9668
0.142461581849 0.9624
0.118064407955 0.9644
0.115340152888 0.9628
0.133454608147 0.96
0.105460662836 0.9676
0.110791599792 0.9676
0.0915329031212 0.9716
0.122402477072 0.968
0.107614884901 0.9676
0.108680455166 0.9628
0.114337624886 0.9664
0.0923464307069 0.9776
0.0878727285041 0.9744
0.0858196099285 0.9752
0.0916620481621 0.9708
0.106408776355 0.9664
0.104730340513 0.968
0.0833041800397 0.9748
0.102620793749 0.9676
0.0797404104917 0.9748
0.0826309322462 0.9712
0.0999461759218 0.974
0.0994874966115 0.9716
0.077204745877 0.9732
0.111061626928 0.9688
0.0959054152078 0.9712
0.0949162148921 0.97
0.0859531620154 0.9736
0.0768544149073 0.9748
0.108779776195 0.9664
0.0796923644842 0.9764
0.0884346894018 0.9752
0.0853100976618 0.9736
0.0762694022255 0.9768
0.0851023836992 0.9748
0.0889663801125 0.9748
0.0644812838075 0.9776
0.0703939551457 0.9756
0.0775333437249 0.978
0.100875569027 0.9732
0.0818017697363 0.9752
0.0788428210574 0.9768
0.0814686671751 0.974
0.0704098293255 0.9808
0.0856306122068 0.9736
0.0819209325237 0.9748
0.0801582085908 0.9712
0.0845824341334 0.9728
0.0699701858644 0.98
0.0564170942228 0.9824
0.0763960054725 0.98
0.0810021071955 0.974
0.0720506542492 0.9788
0.0699905475732 0.9784
0.0899282172074 0.9724
0.0926330389984 0.9736
0.093723724594 0.9728
0.0592092902629 0.9784
0.0603293064921 0.9816
0.0859945037189 0.9748
0.0720567319238 0.9788
0.0711441466346 0.9808
0.0758527203975 0.978
0.0610690572777 0.9792
0.0806573621145 0.9752
0.062453700887 0.9804
0.0591497855458 0.9784
0.0700909510088 0.9776
0.0681303268841 0.9788
0.0755944794134 0.9764
0.0574729870271 0.9808
0.0796779509593 0.9784
0.0767311892278 0.9768
0.0557523704485 0.98
0.0595878429839 0.9796
0.058812729465 0.9824
0.0796166052347 0.9724
0.0899412264883 0.9736
0.0779734287496 0.9812
0.0616055156658 0.9824
0.0700801078495 0.9796
0.0665369556084 0.9784
0.0657611101351 0.9812
0.0607305393959 0.9804
0.0635008361016 0.9808
0.0675033115845 0.9788
0.0624173751121 0.9812
0.0735685807051 0.9804
0.0698208330764 0.9796
0.0730645863163 0.9768
0.067915352505 0.9792
0.0837256559325 0.9776
0.0740139499239 0.9772
0.0544062762501 0.9852
0.0509782176317 0.9844
0.0565041077018 0.9832
0.0572653637091 0.9808
0.0651151733656 0.978
0.0599358389636 0.9808
0.067761192829 0.9788
0.0669617876395 0.9832
0.0574858137796 0.9812
0.0648337903999 0.982
0.0491930212651 0.984
0.0586368781893 0.9812
0.0619550878362 0.982
0.0589325189373 0.9828
0.0567013578603 0.98
0.04772901258 0.9836
0.0482503469574 0.984
0.0530747761356 0.984
0.0461942371969 0.9852
0.0587154352431 0.9832
0.0400843057952 0.986
0.0736071763442 0.9784
0.0549109771671 0.9848
0.0510094895658 0.9844
0.0690817231453 0.9816
0.0772704282237 0.9736
0.0627231277554 0.9792
0.0565981201345 0.9824
0.0579117378272 0.984
0.0546305121221 0.984
0.0757473864154 0.9784
0.0567988221262 0.982
0.0654936149848 0.9828
0.0675206135415 0.9824
0.0525171686737 0.982
0.0533120999375 0.988
0.0581548412671 0.9808
0.0635148585646 0.9816
0.0648802423311 0.9824
0.0514551634366 0.9864
0.0723131821531 0.9752
0.0506568171917 0.9812
0.0555915779333 0.9836
0.0510862329913 0.9824
0.0467183652009 0.9844
0.0564116156887 0.9824
0.0543622428058 0.9844
0.0503720224363 0.9852
0.0597239055331 0.982
0.0529935441058 0.9824
0.0459608933133 0.986
0.0541353786431 0.9848
0.0497059018565 0.9832
0.0437496075396 0.9868
0.0487297293717 0.986
0.0585233167816 0.98
0.0608442988915 0.9808
0.0582335742888 0.9828
0.0501388002471 0.984
0.0780038142728 0.9768
0.0564392245739 0.9816
0.0600790477094 0.9852
0.0601115800359 0.9824
0.0465618066602 0.982
0.0434948525205 0.982
0.0539160159474 0.9844
0.0468165790736 0.9848
0.0469125815699 0.9836
0.0681426224423 0.9812
0.0493574598407 0.9836
0.0582905838239 0.9852
0.0602525298497 0.982
0.0409106564835 0.9852
0.049196461608 0.9868
0.0430814060143 0.9884
0.034590795216 0.9864
0.0718470430807 0.982
0.0533518898954 0.982
0.0399394025756 0.9852
0.0497546374661 0.9816
0.0480486744755 0.9832
0.0528759585489 0.9824
0.0486137873651 0.9856
0.0507231768732 0.984
0.0473495963144 0.9856
0.0554480504558 0.9816
0.0636401011064 0.9804
0.0410484730201 0.9876
0.043691150494 0.988
0.0388469725474 0.9872
0.0594982217423 0.9824
0.0363904290206 0.9896
0.0573195208545 0.984
0.0543462798571 0.9816
0.0598304193687 0.9832
0.047387096028 0.986
0.0420209625397 0.9868
0.0455052394094 0.986
0.0524801062303 0.9808
0.03803807099 0.9884
0.0521340842276 0.9824
0.051504900243 0.9848
0.0526043304695 0.9828
0.0649968969185 0.9808
0.0576740378621 0.9828
0.0456547827823 0.9836
0.052662866394 0.9836
0.0571853361273 0.982
0.0373577725345 0.9884
0.0499973598951 0.9856
0.0537851531517 0.984
0.0459458354921 0.986
0.0502909889927 0.986
0.0460356279199 0.9856
0.0332046794688 0.9892
0.0461357846703 0.9828
0.0446669253166 0.9856
0.0515772150424 0.9832
0.0562611034001 0.9836
0.0655770626654 0.9784
0.0505395275316 0.986
0.045206824356 0.9848
0.0439146807689 0.9876
0.0558281291599 0.9844
0.0384586268207 0.9868
0.038103923836 0.99
0.047510890459 0.99
0.0327864434854 0.9912
0.0417083449951 0.9872
0.0475803678793 0.9836
0.0361158720784 0.9868
0.0589424158322 0.9852
0.0380211072877 0.9868
0.0500056635981 0.9872
0.0488706513767 0.9828
0.0517325383691 0.9832
0.0264127542202 0.9924
0.0382261970011 0.9884
0.0453338168964 0.9868
0.0486279591693 0.986
0.032134920358 0.9888
0.0541510649152 0.9808
0.0425246461532 0.9896
0.0375660033123 0.9864
0.0526867948009 0.984
0.0495513110153 0.986
0.0374796636407 0.9884
0.0439000755179 0.9868
0.0383926550013 0.9868
0.0600922840849 0.9804
0.0472246056989 0.984
0.0432948908852 0.9856
0.0488240502549 0.9852
0.0439381240251 0.9852
0.0400012797502 0.9876
0.0458430116605 0.986
0.0405991245938 0.9872
0.0435399827449 0.9864
0.0559191346486 0.9832
0.0303794773918 0.9928
0.046446518671 0.9824
0.0431327137366 0.988
0.0407600690335 0.9896
0.0464376135501 0.9864
0.0540535778745 0.986
0.0299307248643 0.9912
0.0331971647311 0.9904
0.0323757564967 0.9896
0.0541331279218 0.9812
0.0414973523648 0.9868
0.0392305134545 0.9848
0.0359047454906 0.9908
0.037973861079 0.986
0.0471778854711 0.9856
0.0435738978367 0.9868
0.0396156507263 0.9872
0.0527123281042 0.9868
0.0431907004194 0.9844
0.0289987602223 0.988
0.0560884766393 0.9828
0.0457840937043 0.9832
0.0453338020424 0.986
0.0444398643003 0.986
0.043969877433 0.9892
0.0534558547507 0.9848
0.0353290650396 0.9876
0.0349270098149 0.988
0.0358546857042 0.99
0.0314169329762 0.9908
0.0514031062745 0.9872
0.0402188176286 0.9904
0.0455113952036 0.9844
0.0454132585008 0.9852
0.0353573921548 0.9912
0.0381555901348 0.9868
0.0429520474774 0.9872
0.0416102163261 0.9844
0.0362539726599 0.9908
0.0351023784274 0.9872
0.0325865826949 0.9888
0.0484111499584 0.9872
0.0443221166369 0.984
0.0412468484967 0.9856
0.0509291511052 0.9856
0.0369542652172 0.9864
0.0477745810618 0.9888
0.027047060502 0.99
0.0398546116212 0.9896
0.0311235894846 0.9896
0.0415227390143 0.9872
0.0468208469117 0.986
0.0290824899779 0.9936
0.0546066888258 0.9828
0.0434756439065 0.988
0.0227678946605 0.9928
0.0318298950871 0.9908
0.0405204491985 0.9864
0.0390652167969 0.988
0.0377670210194 0.9856
0.0318131724654 0.9904
0.0430860034341 0.9864
0.0437278729464 0.9864
0.0395577277652 0.9876
0.0417836775728 0.9864
0.0288654243654 0.9892
0.0414028498125 0.9868
0.0343398756978 0.9888
0.0413893889932 0.9868
0.0454723362456 0.9896
0.0540969972479 0.984
0.0422008842501 0.986
0.0546944317499 0.9832
0.0361676853686 0.9892
0.0328437934306 0.9896
0.0332210455817 0.9892
0.0502534094281 0.9852
0.0337642196502 0.988
0.0352469166489 0.9884
0.041912521826 0.9848
0.04366857521 0.9892
0.035208314594 0.99
0.0440175124622 0.9896
0.0365782512385 0.99
0.033493265279 0.99
0.0300956509293 0.9896
0.052819161631 0.9856
0.0432806166069 0.982
0.0240041343001 0.9908
0.0343927027348 0.9884
0.0358287920122 0.9888
0.0415370836879 0.9884
0.0399120089727 0.9908
0.0318794584124 0.9908
0.0515275820915 0.9844
0.0266356633689 0.9896
0.0363691192776 0.988
0.0309978194791 0.9912
0.0310742425192 0.9916
0.0359069319645 0.9904
0.0372292698938 0.9872
0.0268605490433 0.9904
0.026591147496 0.99
0.049300483928 0.984
0.0335680318125 0.9904
0.040193714333 0.986
0.03754925672 0.99
0.0497960301286 0.9864
0.0294036886118 0.9916
0.0361305905703 0.9836
0.0411581832151 0.988
0.0414660222767 0.9856
0.0461659738318 0.986
0.0345302190539 0.9872
0.0343566943243 0.9896
0.0307057884843 0.9888
0.0524749385087 0.9868
0.0283484459093 0.9908
0.0491716989235 0.9848
0.0296346620952 0.9892
0.0318914774329 0.9904
0.0393723702072 0.9872
0.0280058052007 0.9896
0.0341634019605 0.9884
0.0401647072543 0.9888
0.0281152265591 0.9892
0.0286965368388 0.9924
0.0325066063372 0.9892
0.0335626139077 0.9852
0.0353657809183 0.99
0.0363673374997 0.9868
0.0355114290335 0.9876
0.0306750019137 0.9888
0.0442156549018 0.988
0.0445079378366 0.9852
0.025864360379 0.9928
0.0413193371723 0.9864
0.0374667053959 0.9892
0.046360792665 0.9828
0.0237629490791 0.9916
0.0481891446817 0.9876
0.0397257358305 0.9856
0.0297507010697 0.9928
0.0367136300452 0.99
0.0352877125673 0.9888
0.0369412394576 0.988
0.0309336367271 0.9904
0.0369060059969 0.9888
0.0380516839243 0.9868
0.0283167738534 0.9896
0.0390503077847 0.9916
0.0354213861171 0.9904
0.0361587156465 0.9884
0.0407329121566 0.9868
0.0378912123815 0.9888
0.031644625776 0.9888
0.0303613227365 0.99
0.0278109199903 0.9912
0.0410481401057 0.99
0.0359421528991 0.9908
0.0256283852912 0.9896
0.0320419575026 0.9908
0.0402649498948 0.988
0.0272362795057 0.9932
0.0415065140525 0.9888
0.0323641777018 0.9896
0.0322362997291 0.9888
0.0407233080855 0.9868
0.0355770368237 0.99
0.0342405625565 0.9872
0.0251254090217 0.9916
0.0292708507153 0.9892
0.041781772646 0.9864
0.0352513423472 0.9888
0.0326442646837 0.9904
0.0413112894224 0.9896
0.0269858084761 0.9924
0.0315874786771 0.99
0.0308026708242 0.99
0.0325336046335 0.99
0.0409744902061 0.9872
0.0349980740598 0.9884
0.0416943584684 0.99
0.0332719212781 0.9872
0.0222038356642 0.992
0.0366840603829 0.9872
0.0230053534245 0.9932
0.0446310932319 0.9892
0.0320689207451 0.99
0.0347980963738 0.9916
0.0336311923975 0.988
0.0324805723789 0.99
0.0271350938538 0.99
0.0266543765923 0.9928
0.0331255897819 0.9888
0.0312506832299 0.9896
0.0265327005313 0.9912
0.0297734767618 0.9908
0.0240367305816 0.9912
0.035954790413 0.9896
0.0345003327024 0.988
0.018958482027 0.9944
0.0508617607698 0.9848
0.0357144290692 0.9864
0.0411550535857 0.9876
0.0313738696207 0.9884
0.0176392383088 0.9936
0.0347120844011 0.9904
0.0316227133945 0.9908
0.0313706831038 0.9892
0.0285768090867 0.9924
0.0413615994147 0.9868
0.0350099256945 0.9884
0.0397368230556 0.9876
0.0402503466355 0.9872
0.0337730436069 0.9908
0.0263152076084 0.9924
0.0340035136783 0.9916
0.034147474451 0.988
0.0278067356904 0.9908
0.0282075868714 0.9892
0.0238062033064 0.9928
0.0344642975591 0.988
0.0352157867171 0.9896
0.0330933183541 0.9884
0.0243995418186 0.9932
0.0291026368965 0.9904
0.0274131157078 0.9896
0.0356140458187 0.988
0.0285545268189 0.9916
0.0464659985235 0.9888
0.0346679942475 0.99
0.0243250783779 0.9908
0.0410534937786 0.9876
0.0306451263192 0.9904
0.0342301921539 0.9864
0.0309391950306 0.9908
0.0232835202201 0.9924
0.0314117916031 0.9896
0.0294221566497 0.9912
0.0225298677878 0.9924
0.0201173238248 0.9928
0.0311324517953 0.9916
0.0307193110499 0.9912
0.0341096211684 0.99
0.0356822331372 0.99
0.0291972333797 0.9908
0.0310695826945 0.992
0.0255321358203 0.9928
0.0321653472205 0.9912
0.0196933590555 0.9932
0.0309746596097 0.988
0.0301413914392 0.9892
0.0213595235708 0.9936
0.026785933371 0.9904
0.0383613677312 0.9884
0.0410660564785 0.988
0.0351699895394 0.988
0.0405560717673 0.9888
0.0408536802378 0.988
0.0372948726335 0.9864
0.0308177440573 0.9912
0.0321874443819 0.99
0.0298042653809 0.9904
0.0251528812339 0.9908
0.0342021184923 0.99
0.0267396159643 0.9936
0.0226051485383 0.9924
0.0235464362097 0.9916
0.0247355433402 0.9904
0.0282313844527 0.9868
0.0359692716733 0.9896
0.0373909473942 0.9868
0.0425152593468 0.9868
0.0274449526151 0.9892
0.0407540508065 0.9872
0.0245074559868 0.9912
0.0256207412691 0.9904
0.0272137960228 0.9908
0.0291324987216 0.9896
0.0292530894373 0.9896
0.0283544791934 0.9908
0.0405157591173 0.9916
0.0407408268522 0.9892
0.0279562060953 0.9932
0.0322738281813 0.9916
0.0361195689394 0.9872
0.0189747386074 0.9948
0.0374503495747 0.99
0.031949158385 0.9908
0.0351848934245 0.988
0.0264122669188 0.992
0.0331085305387 0.9916
0.0209561619151 0.9936
0.0226226892779 0.9912
0.0228273660266 0.9924
0.0290302423716 0.9912
0.0371051644947 0.9884
0.027398850906 0.9904
0.0328882450233 0.99
0.0233824681452 0.9916
0.0339769100086 0.99
0.0350267016622 0.9884
0.0349795336333 0.9892
0.0301613415105 0.9916
0.0222050720274 0.9948
0.0350851421246 0.9884
0.0298585508207 0.9884
0.0243704051526 0.9916
0.0271447524839 0.99
0.027496408074 0.9916
0.0322238338432 0.9896
0.0263597496233 0.992
0.0219167335135 0.9952
0.0257730883348 0.9904
0.0252308949329 0.9928
0.0345869284928 0.9884
0.0245435236956 0.9932
0.0227312311188 0.9928
0.0291882044414 0.9924
0.0379600583209 0.9896
0.0287234414238 0.99
0.0373109889944 0.99
0.0182331604853 0.9936
0.0335737477907 0.9896
0.0284986822965 0.9896
0.0298320056292 0.9924
0.0263813463585 0.992
0.0246927335186 0.9912
0.0400476560718 0.9892
0.0260755915137 0.9908
0.0288969703196 0.9896
0.0241799951565 0.9908
0.0289766273723 0.9888
0.0262226310045 0.9912
0.0343175285782 0.9884
0.0248065711459 0.9924
0.0246006748759 0.9928
0.0228473378268 0.9924
0.0261000216823 0.992
0.0256631689449 0.9932
0.0340302794928 0.9904
0.027386051603 0.9896
0.0256436131186 0.9908
0.0306106401921 0.9888
0.023042438599 0.9952
0.0299421914115 0.99
0.0318243348258 0.9908
0.0390722315217 0.9892
0.0212630216393 0.9928
0.0250950749175 0.9908
0.0229264557107 0.9916
0.0415379245702 0.9912
0.0278546804019 0.9896
0.0320848799597 0.9884
0.0281441077863 0.9896
0.0271394835502 0.9932
0.0276057596039 0.9912
0.02333809494 0.9924
0.0341402691136 0.9888
0.0224380597003 0.9944
0.0386744193995 0.9884
0.0398369319293 0.9876
0.0225483839615 0.9936
0.0164325675317 0.9948
0.0348254581795 0.9908
0.0191035129968 0.9928
0.0223951617467 0.994
0.0209899841274 0.9928
0.0365205941705 0.9868
0.0211216080009 0.9924
0.022689010002 0.9924
0.0322144462452 0.9924
0.0191272887526 0.9936
0.0301496081854 0.9896
0.0289321445268 0.9896
0.0378800544858 0.9884
0.0257187459632 0.992
0.0364363812787 0.9872
0.0202783444097 0.9928
0.0252426022819 0.9928
0.0357011319814 0.9908
0.0219192247943 0.9928
0.0329367352116 0.9896
0.0249120383704 0.9956
0.0270644933901 0.992
0.0213545841479 0.9932
0.015025535006 0.9952
0.0159710345713 0.9956
0.0192082122823 0.994
0.0241846482263 0.9916
0.0240724873996 0.9924
0.0242405715502 0.9916
0.0226718290357 0.9924
0.0310696075487 0.9896
0.0214101674814 0.9924
0.0272921140771 0.9928
0.0225341256184 0.9924
0.0305995018486 0.9888
0.0413545935629 0.9872
0.036699335794 0.9884
0.0425303398297 0.9892
0.0315709172539 0.988
0.0292671084904 0.9904
0.0208637519269 0.9932
0.0307131353612 0.9924
0.0225467535959 0.9936
0.0332588908058 0.9876
0.0131184459298 0.994
0.0251654468226 0.992
0.0235573713663 0.992
0.0296185922373 0.9908
0.0169731953794 0.9952
0.0235819848664 0.9924
0.0243228061506 0.9928
0.026146684403 0.9932
0.0274696083925 0.9908
0.0260634367036 0.992
0.0284947279113 0.9932
0.0299830110165 0.992
0.0159087429233 0.9952
0.0245421689652 0.9924
0.0252293674694 0.9924
0.0274330116943 0.9912
0.0345487979432 0.99
0.0296853543311 0.99
0.0223219659403 0.9928
0.0225618889435 0.994
0.0306188028884 0.9904
0.0315323266559 0.9896
0.038843066664 0.9884
0.0248514952142 0.992
0.029316202677 0.99
0.0239491906048 0.9928
0.0196745701935 0.9948
0.0231577768461 0.9936
0.0220418150135 0.9932
0.0296465587597 0.9888
0.0307737435587 0.9896
0.0253622877885 0.9928
0.022977763871 0.9944
0.0328137704917 0.9916
0.0239316872114 0.9936
0.0272194733604 0.9912
0.0252298297929 0.9924
0.0221650607925 0.9928
0.0332906033291 0.992
0.0217703611709 0.9908
0.0207862572849 0.9952
0.0261265522811 0.9908
0.0306630364075 0.9916
0.019396334013 0.9944
0.0320337824006 0.9896
0.0353064910362 0.9888
0.0256982494502 0.9908
0.0192015541824 0.9952
0.0256470913708 0.9912
0.0217501177105 0.994
0.0314313126124 0.99
0.0278670333078 0.9912
0.030615173761 0.9904
0.0285212161929 0.9928
0.0196413634338 0.9936
0.0293702236108 0.9928
0.0278196785235 0.9912
0.020802687603 0.9936
0.025124453113 0.992
0.0186122064251 0.9928
0.0211064776657 0.994
0.0347723205793 0.9888
0.018466673187 0.9928
0.0211474242133 0.9924
0.0284462077159 0.9876
0.0256765858243 0.9932
0.0204588138708 0.9948
0.0309603088439 0.994
0.0293348370308 0.9904
0.0257653429357 0.99
0.0213545915443 0.9932
0.021595313928 0.9928
0.0226537684694 0.9912
0.0206865209813 0.9928
0.0210608731937 0.9908
0.0167028330071 0.9948
0.0226166237063 0.992
0.0281995162598 0.9928
0.021773669994 0.9924
0.0278415044796 0.9928
0.024911932112 0.9932
0.0273957598961 0.9928
0.0186005534176 0.9948
0.0195336194289 0.9936
0.0198525081947 0.9924
0.0250274467729 0.9908
0.0271340205043 0.9924
0.0283542808129 0.9932
0.0326287378986 0.9896
0.0238766616423 0.9908
0.0332239343358 0.9896
0.033472087989 0.9908
0.0315543953558 0.9916
0.0282793770674 0.9908
0.0201761305289 0.9936
0.01708062812 0.9944
0.0253476615139 0.9924
0.0224915512911 0.9924
0.0316507404339 0.9924
0.0170188912798 0.9948
0.0273080098314 0.9936
0.0158227730621 0.9952
0.0301253046499 0.992
0.0171867614803 0.994
0.0292783920744 0.9912
0.0212835606441 0.9936
0.0302848563863 0.9916
0.0218356611201 0.992
0.0199484196423 0.9936
0.0247851488828 0.9932
0.0165143132663 0.9948
0.0313114613132 0.9908
0.0301840396243 0.9888
0.0283130322552 0.992
0.0230565470886 0.9928
0.0201680812641 0.9928
0.0318843588299 0.9876
0.0230742179734 0.994
0.0286930991013 0.9904
0.0204385238741 0.9912
0.0325818553495 0.9904
0.0195156560845 0.994
0.0246617467904 0.9944
0.0223152322401 0.9932
0.0235141356774 0.9924
0.0196430369815 0.9944
0.028445011601 0.9908
0.0220132574554 0.9924
0.013154046535 0.9948
0.0213096249109 0.9948
0.0196048741988 0.9936
0.0237336194542 0.992
0.0247067467628 0.992
0.0297048012009 0.9908
0.021505606546 0.994
0.0187896323014 0.994
0.0232616723854 0.994
0.0269234847203 0.9916
0.0303276129834 0.9908
0.0268700822821 0.9912
0.0178773748618 0.9944
0.0285904906679 0.9912
0.0301933914301 0.99
0.0248888126011 0.9928
0.0166379046866 0.9956
0.0345481337293 0.9908
0.0343019599651 0.9916
0.0157386759125 0.9948
0.0232222064057 0.994
0.016650534679 0.9936
0.021703510165 0.9928
0.0239041035889 0.9912
0.0325850768385 0.9912
0.0208193379328 0.9936
0.0183864925388 0.9952
0.0313759376545 0.9924
0.0135301971819 0.9964
0.022335279508 0.9928
0.0297319440986 0.99
0.0206777011305 0.992
0.0233608542446 0.9912
0.0166758237828 0.9944
0.0286704083726 0.99
0.0336620956421 0.9936
0.0219785283412 0.9944
0.0244249479037 0.9904
0.0191826217959 0.9936
0.0193411632141 0.9916
0.0171449879522 0.9952
0.022982159059 0.9936
0.0209744056746 0.9916
0.0263103211554 0.9924
0.015883011062 0.9948
0.0180798993046 0.9936
0.0259166861143 0.9936
0.0344584223587 0.988
0.0194298160984 0.9964
0.0243809461993 0.9904
0.0267540720795 0.9912
0.0173335327805 0.9948
0.0252301287607 0.992
0.0133473452622 0.9952
0.0228675598766 0.992
0.027843790827 0.9904
0.0217885486933 0.9924
0.0180350002271 0.994
0.0263453370537 0.992
0.0275410732583 0.9896
0.0207091953517 0.9952
0.0298102700083 0.992
0.0222474976951 0.9928
0.0244487308901 0.992
0.0198207239834 0.9952
0.0161262532763 0.9952
0.0231354589227 0.9932
0.0218437219803 0.9916
0.0150737421409 0.9948
0.0166496755882 0.9936
0.020668884142 0.9932
0.0391033897416 0.9892
0.0168782691194 0.994
0.0256841500879 0.9924
0.0240206450025 0.9924
0.0202378297894 0.9936
0.0242064703924 0.9928
0.0231119011972 0.9928
0.0283685438684 0.9904
0.0212109566038 0.9916
0.027329373654 0.994
0.0213845898681 0.9936
0.0208797929388 0.9924
0.0173497701862 0.994
0.023438910257 0.9928
0.0261817395599 0.9916
0.0302797285011 0.99
0.0212098869436 0.9936
0.0139221638595 0.996
0.0146545640923 0.9956
0.0193211189142 0.9944
0.0181918514365 0.9924
0.023874938274 0.99
0.0166142380368 0.9952
0.0207326249655 0.994
0.0364350699862 0.994
0.0245209749528 0.9904
0.0195160357608 0.9936
0.0276860534751 0.9928
0.0161236895972 0.9944
0.0171055590266 0.996
0.0226718101057 0.9924
0.0153607623368 0.9964
0.0316527054 0.9916
0.0251417639286 0.9928
0.0245792040737 0.9924
0.0274171541792 0.992
0.0147499845354 0.9956
0.0276071054915 0.9908
0.0212834087769 0.9936
0.0252681361784 0.9916
0.0283232423249 0.9912
0.0201101051538 0.994
0.0230396101994 0.9932
0.0225014314873 0.9924
0.0107085912996 0.9976
0.0254291047206 0.9912
0.0276385249218 0.9912
0.0202100493019 0.9932
0.0204436935073 0.9924
0.0312251375821 0.9908
0.0166752932916 0.9956
0.0174251846969 0.9944
0.0144520087048 0.9952
0.0189115524381 0.9948
0.0190387497243 0.9936
0.0246221582281 0.9908
0.0337992154778 0.988
0.0128743955466 0.9956
0.0259624242853 0.9904
0.0190202915935 0.9948
0.0251106889608 0.9936
0.0173982488734 0.9932
0.0272925118154 0.9952
0.0262574783177 0.9896
0.0222462172811 0.9928
0.0303731844172 0.9908
0.0164788987402 0.9948
0.0207435648068 0.9916
0.019095886956 0.994
0.0207972839081 0.9928
0.0162124825778 0.9948
0.0320414532739 0.9916
0.0127979141755 0.9968
0.021535527552 0.9932
0.0205191300705 0.9928
0.0211647084408 0.994
0.0259605930651 0.9928
0.0167333738369 0.9964
0.0246014532253 0.9912
0.0192566139575 0.9944
0.0267063211497 0.9928
0.0219072139773 0.9932
0.018199608455 0.994
0.0200502979041 0.9916
0.0268797383881 0.9912
0.0151026722879 0.9944
0.0205081614048 0.9944
0.0319907214257 0.9912
0.0157907227788 0.994
0.0233751746836 0.9948
0.0202922071596 0.9928
0.0203268997097 0.9932
0.0152208960429 0.9952
0.015579332653 0.9956
0.019541078687 0.9936
0.0263973348841 0.9896
0.0226189630141 0.9916
0.0118047785731 0.996
0.0298325503097 0.99
0.0198866915712 0.9948
0.0260858611011 0.9928
0.0166055668195 0.9944
0.0120221910526 0.9972
0.0269867906172 0.9908
0.0337238808847 0.9892
0.0187135923723 0.9956
0.0156048782567 0.994
0.032560473895 0.9896
0.0175417256284 0.9924
0.0181989580809 0.9932
0.0232135501057 0.9928
0.0242982518655 0.9916
0.0244909186674 0.992
0.0205151547924 0.9936
0.0132635120097 0.9956
0.026102989468 0.9924
0.0165148806061 0.9944
0.0167436128758 0.9964
0.0222457084664 0.992
0.0163422200795 0.9944
0.0258997737538 0.9908
0.0198360336213 0.994
0.024345612081 0.994
0.0251576121917 0.9928
0.0247994156395 0.9916
0.0160788287237 0.9964
0.0174383641006 0.9944
0.020074058061 0.992
0.0201410606237 0.9944
0.0206025371412 0.9932
0.026139861313 0.9916
0.025026590334 0.9916
0.0191216781938 0.9932
0.0256401214171 0.9924
0.0295378825592 0.9892
0.0186242571725 0.996
0.0191004152914 0.9928
0.0175931041167 0.9952
0.0199929981097 0.994
0.028035268498 0.9936
0.022241455285 0.9932
0.0185195531002 0.9948
0.0193209453806 0.9944
0.0208318258692 0.9932
0.0149239207771 0.9948
0.0183643002351 0.994
0.0176333868929 0.994
0.0201525000961 0.9944
0.018191460768 0.9932
0.020339118149 0.9928
0.0231268334248 0.9928
0.0155912115198 0.9952
0.0203663764501 0.9932
0.018230281293 0.9952
0.0194889430558 0.9912
0.0265253240734 0.9924
0.0174748445089 0.9932
0.0201498220126 0.9948
0.0270733461931 0.9916
0.0187496255076 0.9956
0.0282671220385 0.9928
0.0197337372794 0.9948
0.0178128082605 0.9944
0.0175872660597 0.994
0.0157058559293 0.9944
0.0276144490626 0.9916
0.0204422958877 0.994
0.0165340678445 0.9952
0.0182823901904 0.994
0.0205096829092 0.9948
0.0169550546989 0.9936
0.0226768261107 0.99
0.0210874441411 0.992
0.0237123095361 0.9952
0.0184613992144 0.9948
0.017408830487 0.994
0.0244453739463 0.9916
0.0196527885203 0.9928
0.0165265210519 0.9952
0.0155189091371 0.994
0.0193429601324 0.9956
0.0295065072792 0.9904
0.0200301359118 0.9936
0.0248298445898 0.992
0.0251191403922 0.992
0.013007957631 0.9968
0.0222825201928 0.9932
0.0150326997336 0.9932
0.0196143137953 0.9932
0.0208613272738 0.9936
0.017088583654 0.9948
0.0209988365441 0.9928
0.0205086498132 0.992
0.0259406294869 0.9916
0.0200657579964 0.9944
0.0173610689117 0.9952
0.0228443631635 0.9948
0.0192341806648 0.9916
0.0254840333367 0.9948
0.0245756164721 0.9916
0.0211329876698 0.9928
0.0214189206663 0.992
0.0176545452237 0.9944
0.0271133731414 0.9916
0.0210615034418 0.9908
0.0152953267217 0.9964
0.0170691913604 0.994
0.0200785744373 0.9932
0.0191283753915 0.9936
0.0222764601785 0.9936
0.015396033318 0.9964
0.0316708357273 0.992
0.0140582738461 0.9948
0.0186823923154 0.994
0.0182397724597 0.9952
0.0301634962748 0.9912
0.0250590729494 0.9912
0.0114545040352 0.9968
0.0121514186016 0.9976
0.0144569859686 0.9948
0.0268446790436 0.992
0.0254234453494 0.9932
0.0226713752821 0.9928
0.0161181539372 0.994
0.0187767897021 0.9948
0.0217724066098 0.9936
0.0158377042312 0.9948
0.0194751194973 0.9932
0.0254052749328 0.9916
0.0166952540929 0.9964
0.0141353449483 0.9964
0.0183978613921 0.9944
0.0277417230041 0.9896
0.0259497336183 0.9932
0.0213270629893 0.9948
0.0135766878865 0.9964
0.0229043548148 0.9932
0.0233656636981 0.994
0.0215963250528 0.9948
0.0238290784752 0.994
0.0197829629366 0.9932
0.0176431018515 0.9932
0.0174093401109 0.9944
0.0189618246938 0.9936
0.0217833022343 0.992
0.0195895755315 0.9956
0.0207010676824 0.9932
0.0228655702311 0.9932
0.0118563250337 0.9972
0.0135192213002 0.996
0.0155259254771 0.9944
0.0144300527742 0.9956
0.0153296525373 0.996
0.0162233472023 0.9956
0.0209658781422 0.992
0.0255222058809 0.9904
0.0166974263036 0.9944
0.0154739110582 0.996
0.0203039066031 0.9928
0.0208272428155 0.9936
0.0225966660891 0.9912
0.0105540341184 0.9964
0.0144737003674 0.9968
0.0185613439736 0.9936
0.0251055784933 0.9908
0.0193976039478 0.9948
0.0235984922907 0.9936
0.0206627891188 0.992
0.0104069161559 0.998
0.0153258730814 0.9956
0.0191616253698 0.9932
0.0136945597798 0.9952
0.0172410914867 0.9936
0.0233794455729 0.9932
0.0168072346787 0.9952
0.0286176796752 0.9892
0.0196162189619 0.9936
0.0201242407842 0.9956
0.0184933997141 0.9944
0.020159240301 0.9956
0.0251952096367 0.994
0.0152293358244 0.9956
0.0187699043336 0.9932
0.0159972998637 0.996
0.0153526858777 0.9956
0.0183945352807 0.9948
0.0173558163821 0.9936
0.0160780433489 0.9944
0.0195233981787 0.9944
0.0163005673943 0.994
0.0174942347373 0.9944
0.0356498143191 0.9904
0.0274510066185 0.9912
0.0133926478445 0.996
0.0213039322314 0.9928
0.0185047595794 0.9952
0.0154242275686 0.996
0.0191692073952 0.9936
0.0242510755121 0.9928
0.0146244710402 0.996
0.0100966879002 0.996
0.0285874325883 0.9932
0.0175934448462 0.9944
0.0161062172748 0.996
0.017809836521 0.9924
0.0144334229717 0.996
0.0221420665073 0.9896
0.025658701981 0.9944
0.0134733369847 0.9964
0.0186034884385 0.994
0.0204600971814 0.9936
0.014687995116 0.9952
0.0301765940878 0.9912
0.0123282470936 0.9976
0.0155254675475 0.9956
0.0198690624307 0.9928
0.0211056624751 0.992
0.0149768504339 0.9952
0.017475632994 0.9936
0.0205405370821 0.9912
0.0155160450233 0.9964
0.020063669055 0.9928
0.0173204851082 0.9944
0.012972032131 0.9956
0.0207997214042 0.9944
0.0153372892237 0.9956
0.0206589938352 0.9944
0.0221576766391 0.9912
0.0249096154045 0.9944
0.0213708334449 0.992
0.016824784216 0.994
0.0111616209123 0.9964
0.0144563757583 0.9952
0.0174568486753 0.9936
0.0205629562372 0.9948
0.0198636927447 0.9944
0.0167764482012 0.9948
0.0234195699373 0.992
0.0195188883469 0.9936
0.0290846713292 0.9924
0.0203339198308 0.992
0.0234964056269 0.9936
0.012190095738 0.9968
0.0162478669922 0.9952
0.0246243236532 0.9936
0.0193276240867 0.9936
0.0169992312187 0.9948
0.017781562977 0.9952
0.0139950379253 0.9964
0.0130434055648 0.9964
0.0182125796998 0.994
0.0229949723834 0.9932
0.0184779079842 0.992
0.0108991857506 0.9956
0.0175772941054 0.9956
0.019667083338 0.9928
0.0153686543192 0.9944
0.0216132647385 0.9928
0.0166099154892 0.9952
0.0172181109335 0.9948
0.0190896183014 0.9932
0.0262625156988 0.9928
0.0324620686869 0.9912
0.0162007299547 0.9948
0.0165098475324 0.9952
0.0180868382098 0.994
0.0182957055195 0.9944
0.0159933913003 0.9944
0.0185964025034 0.9928
0.015364690808 0.9936
0.024103287906 0.994
0.0209856709839 0.9944
0.0178396354827 0.9936
0.0168668005247 0.994
0.0105510236105 0.9984
0.0161743151422 0.9948
0.0133103474532 0.9964
0.0119929906788 0.996
0.020426340956 0.994
0.0112447624368 0.9968
0.0237814498432 0.9912
0.0185738568351 0.9944
0.0158710681788 0.9952
0.0178221352779 0.9932
0.0191552671179 0.9936
0.0117748619945 0.9964
0.0173239448076 0.9948
0.0221121955553 0.994
0.0217451352892 0.9948
0.0216513768686 0.9924
0.0215260527015 0.9964
0.0128524810903 0.9944
0.0176718684244 0.996
0.0208457602225 0.9932
0.0229885210078 0.9924
0.0174401382787 0.9948
0.0136954425824 0.996
0.0167253024644 0.9952
0.0246058300491 0.9908
0.0126728794973 0.9964
0.0160194975163 0.9932
0.0168495793248 0.996
0.0234168330254 0.9952
0.0123514424492 0.996
0.01934293191 0.9912
0.0186480462893 0.9944
0.0122123227417 0.9952
0.0145075776757 0.996
0.0150143964964 0.9956
0.0191182101791 0.9968
0.0179920819762 0.9936
0.0241321561945 0.9944
0.0187890593541 0.9948
0.0151683104432 0.9956
0.0186282179009 0.9932
0.0115432822173 0.9964
0.0198448876708 0.9936
0.016671888441 0.9956
0.0133935259265 0.9944
0.0155858552434 0.994
0.027057705042 0.9924
0.0170752568404 0.994
0.0154863167707 0.9944
0.0190585728297 0.9932
0.0251185421083 0.9904
0.023907615941 0.9944
0.0182670839696 0.9944
0.0237409444122 0.9928
0.0113461807017 0.9964
0.0125102104098 0.9956
0.0108564513711 0.996
0.0172515539014 0.9956
0.0174933753742 0.9952
0.0161250211612 0.9944
0.0128074745254 0.9956
0.0142968906528 0.9956
0.0100939690745 0.9976
0.0261393842274 0.9932
0.0179394417397 0.994
0.01313671702 0.994
0.0227752922425 0.9932
0.020607344932 0.9932
0.0176910492986 0.9952
0.0183333927431 0.9928
0.0148447946443 0.9944
0.0201731013135 0.9932
0.017232172323 0.994
0.0200849381793 0.9928
0.0200383510334 0.992
0.0196244043788 0.994
0.0268622124039 0.9928
0.0173741044519 0.9964
0.0215608451319 0.9948
0.0129851659637 0.9952
0.0120418304403 0.9956
0.0153064511683 0.9944
0.0202097006788 0.992
0.0209397932039 0.9932
0.0137560616247 0.9984
0.0150471129142 0.9956
0.018462588909 0.9944
0.0153430072537 0.996
0.0242848768254 0.992
0.0189292516232 0.9948
0.0132336968652 0.9956
0.0152327137684 0.994
0.0224618749081 0.9924
0.014632073799 0.9948
0.0120830690732 0.9972
0.0214143439991 0.9928
0.0146489973565 0.994
0.0144764656062 0.9948
0.0180129927771 0.9936
0.0111213620923 0.9968
0.0150838021533 0.996
0.0157275665596 0.9952
0.0268791783934 0.9924
0.0195361578881 0.9928
0.015129725537 0.9964
0.0103809669498 0.9976
0.0168856481406 0.9936
0.0132484177319 0.9968
0.0148744926981 0.9944
0.0130128430939 0.996
0.0189433234096 0.9944
0.0164981386946 0.9944
0.019808290184 0.9936
0.0209923217642 0.9932
0.0155151239761 0.9972
0.0157708918794 0.9952
0.0275363553458 0.992
0.0161803286653 0.9944
0.0165439354774 0.9952
0.0246649787288 0.9928
0.0203583077249 0.9944
0.0146796789595 0.9956
0.0162094121505 0.9948
0.0280654511423 0.9932
0.0203345339211 0.9952
0.0105446333129 0.9972
0.0179798999551 0.994
0.0106423839056 0.9968
0.0187452076678 0.994
0.0139256561028 0.9956
0.014696712925 0.9956
0.0127085289633 0.9976
0.0139614364358 0.9956
0.0144075144185 0.994
0.011086780397 0.9972
0.0264094645473 0.9936
0.0244874345688 0.9908
0.0144754161824 0.994
0.0145416631246 0.996
0.0129996328722 0.996
0.0265380556179 0.992
0.017745954417 0.9936
0.0129074479085 0.9968
0.0141374300365 0.996
0.0137632691672 0.996
0.0216480267374 0.9928
0.0261033138838 0.9924
0.0242694206839 0.9948
0.0149596792125 0.996
0.0194569232418 0.9944
0.0153144857465 0.9952
0.00949945261399 0.9968
0.0113843433495 0.9976
0.0107186711189 0.9968
0.0128349357874 0.9956
0.0155439380131 0.994
0.0223452498346 0.9924
0.0131655230808 0.9948
0.0148209545091 0.9948
0.0123701449584 0.9964
0.0212610743544 0.9944
0.0203753205604 0.9944
0.0220378479968 0.9924
0.019875188708 0.9944
0.0161520170259 0.9948
0.0164486022384 0.9936
0.016043259623 0.996
0.0199049148813 0.9908
0.021815856994 0.9904
0.0113208462341 0.9968
0.0188761623501 0.9924
0.0163602146781 0.9968
0.0155092731897 0.9952
0.0130900694002 0.9972
0.0131923540408 0.9976
0.0150001786964 0.9944
0.0203362877454 0.9948
0.0219343139013 0.9944
0.0224569826187 0.9936
0.0118965088943 0.9968
0.0163784782712 0.9952
0.0156512120734 0.9956
0.0139602124788 0.9956
0.0159940474997 0.9968
0.0156064949605 0.9956
0.013586132825 0.9952
0.0167724050281 0.9928
0.0209223210417 0.9936
0.0189216407518 0.9956
0.0176581418214 0.9924
0.0166059205363 0.994
0.0213539003605 0.994
0.0133120101767 0.996
0.0204606557339 0.9916
0.0141834132079 0.9956
0.0243196295563 0.9936
0.0155760168334 0.9948
0.0135924248069 0.9948
0.0200242114945 0.994
0.0189815065217 0.9936
0.0113791723226 0.9968
0.0116951516316 0.9968
0.0126058228942 0.9964
0.0132261657244 0.994
0.0131053765689 0.996
0.0247145927475 0.9944
0.0125747507355 0.996
0.0184129930969 0.9952
0.0149046648369 0.9948
0.015260867038 0.9952
0.015786695225 0.9948
0.0111729103382 0.9964
0.0181649277571 0.9956
0.0149725480934 0.9944
0.0134222902917 0.9956
0.0171752644083 0.9944
0.0188658245064 0.9952
0.0162962353915 0.9952
0.0258096506507 0.9908
0.0114237125916 0.9968
0.0285992348204 0.9924
0.0146288360561 0.9968
0.0100171523494 0.9964
0.0122101466498 0.9972
0.0147969004942 0.9952
0.00917627207659 0.9976
0.0138857391595 0.9952
0.0140930401987 0.9952
0.0203951605795 0.9956
0.0305697221825 0.9936
0.0177172009271 0.992
0.0164288928917 0.9948
0.0180639543031 0.9944
0.0168256921137 0.996
0.0126622685795 0.9968
0.014601143873 0.9948
0.0172055784275 0.9956
0.0157304564104 0.9952
0.0163676300553 0.994
0.0126177335085 0.996
0.013002186535 0.9956
0.0150285279233 0.9956
0.0182785112117 0.9944
0.0173445494707 0.9952
0.0142130716716 0.9952
0.0154321770562 0.9964
0.0125599421402 0.9964
0.0154804832467 0.9944
0.0132847540271 0.9956
0.0134776583548 0.9964
0.0112625826271 0.9972
0.0155572986403 0.9948
0.0166186731664 0.9944
0.0121288375339 0.9968
0.018808550407 0.994
0.0105227148891 0.9976
0.0141219640873 0.996
0.0195208271397 0.994
0.0175982487185 0.994
0.0228237549538 0.9952
0.0180653127034 0.996
0.0149973500362 0.9972
0.0167166693531 0.9952
0.0226153992924 0.9936
0.017338826347 0.9948
0.0171481912337 0.9936
0.0144453185398 0.9956
0.0172670218085 0.9952
0.0196360968137 0.9956
0.0168631420078 0.994
0.0196437975919 0.9952
0.0118585523822 0.9964
0.0136951180847 0.9972
0.0195564192694 0.9952
0.0107921653413 0.998
0.0147777505068 0.9968
0.00724274979708 0.9988
0.0130387211971 0.9948
0.0207150305763 0.9916
0.0156742023695 0.9948
0.0117584237606 0.9968
0.0175694947926 0.9928
0.0162489415373 0.9948
0.0181021101865 0.9928
0.0126489706963 0.9964
0.0154607923514 0.9924
0.0152096380093 0.9964
0.0237867398216 0.9924
0.0227800400869 0.994
0.0136340183118 0.9948
0.015492101234 0.996
0.014046769416 0.9956
0.0168442903631 0.9948
0.0133027301737 0.9972
0.01930718462 0.996
0.0116649566676 0.9964
0.0198859171802 0.994
0.0194963130663 0.994
0.0125641991885 0.996
0.0140243414144 0.9972
0.0123900062729 0.9956
0.0152201168221 0.996
0.0132504229658 0.996
0.014189940185 0.9952
0.0131783427467 0.9956
0.0261295884684 0.9928
0.0129676478056 0.996
0.0205525151519 0.9936
0.0147915504722 0.9944
0.0172673923501 0.994
0.0184992666525 0.9952
0.0147680919852 0.9964
0.0189264227798 0.9944
0.0162768827931 0.9944
0.0128183454631 0.9964
0.0103262001934 0.9984
0.0159296671496 0.9968
0.0145489479857 0.9968
0.017843849393 0.9952
0.0102309389403 0.9976
0.0109520535811 0.9968
0.0140503690798 0.9964
0.0165304387332 0.9944
0.0153169192348 0.9948
0.015060402369 0.9944
0.0200541061912 0.9932
0.0127750142871 0.9964
0.0159796467145 0.9972
0.0166655902522 0.996
0.0183489966617 0.9936
0.0194734702378 0.9956
0.0171344255433 0.994
0.0151936446908 0.9932
0.0208818046715 0.9932
0.0133796248817 0.9956
0.0152642718161 0.9964
0.0155488272046 0.9956
0.0118881406631 0.9968
0.0119556805596 0.9964
0.0152841768245 0.996
0.0147240959366 0.996
0.0120770883494 0.996
0.0126031060446 0.9972
0.0156966937373 0.9932
0.012500377013 0.996
0.0124135894608 0.9964
0.0254129519992 0.9936
0.0186224812053 0.9944
0.0106774058715 0.9972
0.0127444801075 0.9956
0.0102449556625 0.9964
0.0132028174205 0.9968
0.0152554236098 0.9948
0.013845679038 0.9964
0.0183871015854 0.9952
0.0135012887983 0.9956
0.014272617235 0.9956
0.0165763886338 0.9952
0.0111476317774 0.996
0.0190900693702 0.9924
0.019879174601 0.9944
0.0198518672741 0.994
0.0197229640192 0.992
0.0132029348839 0.9964
0.00914011166917 0.9984
0.0142759616934 0.996
0.020134853016 0.9956
0.0113402106779 0.9976
0.0176466923393 0.9956
0.0143888282019 0.994
0.0154421277085 0.9948
0.0138950435515 0.9956
0.0178832994973 0.9928
0.0148483050089 0.9952
0.0147767399092 0.9952
0.0182120818326 0.9948
0.0140229793644 0.9952
0.010571048769 0.9972
0.0203570167853 0.994
0.0106436100447 0.9976
0.00989052984155 0.998
0.0113323856559 0.9964
0.0188436145205 0.9964
0.0150190821251 0.996
0.0206280000314 0.9948
0.0168432451085 0.9948
0.0172794936976 0.9928
0.0142718153063 0.9956
0.0129607494781 0.996
0.0128535889695 0.9956
0.0100789973092 0.9964
0.00880086270153 0.9984
0.0160161335612 0.9956
0.0131074389509 0.9964
0.0145175093969 0.9968
0.0164599623491 0.9944
0.0174407700459 0.9952
0.0212882183764 0.9944
0.0149064443264 0.996
0.0184645487029 0.994
0.0110882152148 0.9956
0.0199024630982 0.9952
0.00830320569533 0.9988
0.0105988833453 0.996
0.01827452149 0.9944
0.0122199530743 0.9976
0.0175710184323 0.9948
0.0165082916857 0.9964
0.0183183818734 0.9948
0.0113208363766 0.9956
0.014862924496 0.996
0.01528829122 0.996
0.0102139723483 0.9988
0.0142792363864 0.9956
0.0143042688598 0.9956
0.0197495907045 0.9948
0.0196563335652 0.9936
0.0187190184058 0.9952
0.00980580364948 0.9968
0.0214209582085 0.9956
0.0101972130305 0.9972
0.0132604743026 0.998
0.012139943237 0.9968
0.0110527798272 0.996
0.0137708426749 0.9952
0.0113586183583 0.998
0.013090575963 0.9952
0.0100448845089 0.9976
0.0194358725131 0.9952
0.0117931599728 0.996
0.0152366031288 0.9944
0.0123068511103 0.9972
0.0202923346417 0.9964
0.0191589440005 0.994
0.0209718316231 0.9936
0.02270653605 0.9944
0.0156341789392 0.9956
0.0147197710063 0.9972
0.0139891142609 0.9944
0.0115095729889 0.9976
0.0108103697093 0.9964
0.0245791931338 0.9932
0.0146178913218 0.9936
0.0158902098347 0.9936
0.013412971951 0.996
0.0185972099275 0.9956
0.00986884880618 0.998
0.0106856627947 0.9964
0.0119155845484 0.9972
0.0128524196777 0.9956
0.00718714572905 1.0
0.0134700130496 0.9952
0.00886762536369 0.9976
0.0169062768516 0.9952
0.0143036195804 0.9964
0.0148968522832 0.9936
0.0114038138687 0.9964
0.0160203109265 0.9952
0.0193110330654 0.9928
0.012833354171 0.9964
0.0134177110282 0.996
0.012545678347 0.9964
0.0124842191311 0.9964
0.0128453901652 0.9972
0.0160332004432 0.9952
0.0137899226791 0.996
0.0138254501634 0.9964
0.0121908984153 0.9964
0.0194289055828 0.9952
0.0120709127672 0.9972
0.0158529363081 0.996
0.0119754704189 0.9972
0.0126166685069 0.9964
0.0162585108086 0.9964
0.0160911804781 0.994
0.00848031545649 0.998
0.0181950085243 0.992
0.0172465041482 0.9948
0.0104889593257 0.9972
0.0141166997098 0.996
0.0159417510434 0.9948
0.019338031288 0.994
0.0237103520768 0.9924
0.0230480065391 0.9928
0.0120662952496 0.9952
0.00990738895591 0.9968
0.0174541823585 0.9956
0.0128242959248 0.9968
0.0192079026981 0.9944
0.00990318010299 0.9972
0.0112550038378 0.9968
0.0108525181565 0.996
0.0140212566798 0.9952
0.0183017924237 0.9944
0.0129668059358 0.996
0.0116120607004 0.9972
0.0250041919294 0.9904
0.0154872180077 0.994
0.012874209322 0.9952
0.012378038573 0.996
0.0126512886084 0.9968
0.0130596932459 0.9952
0.011249432995 0.9952
0.0192904477393 0.9956
0.017828972798 0.9948
0.0148224116113 0.9936
0.0138445613412 0.9968
0.0114570134646 0.9972
0.0116282036638 0.9976
0.00577171871609 0.9992
0.0128839835412 0.9952
0.0120564073634 0.9956
0.0152484680992 0.996
0.00751442260202 0.9972
0.012877201013 0.996
0.0122398832286 0.9964
0.0165724525631 0.9952
0.0210313250566 0.9944
0.0153841771357 0.9952
0.0175089430978 0.9956
0.0178538895411 0.9936
0.0210056942987 0.9944
0.0158145786796 0.9964
0.0137575795223 0.996
0.010745808225 0.9968
0.00788259832349 0.9988
0.0231164897063 0.9932
0.0176535244717 0.994
0.0147708656204 0.9964
0.0153507158827 0.9964
0.018342314808 0.9924
0.0138551220513 0.996
0.00895645657567 0.9972
0.0131656493492 0.9968
0.0111702801919 0.9956
0.0118867056671 0.9976
0.0166339059067 0.9948
0.0132114428205 0.9964
0.0117054642723 0.9972
0.016238839007 0.9952
0.0187261788457 0.9944
0.0205072336206 0.9956
0.0104610763937 0.996
0.0215180974576 0.9924
0.0125882935551 0.996
0.0141328440907 0.9952
0.0107307747593 0.9972
0.00869494763507 0.9972
0.0140052304341 0.9964
0.0215198225888 0.9928
0.015896898834 0.9956
0.0120340043958 0.9972
0.0172126721839 0.9932
0.0118300052238 0.996
0.0216595911365 0.992
0.0144315598368 0.9964
0.0101267705766 0.998
0.0107485811449 0.9972
0.0137351219917 0.9976
0.0167636763706 0.996
0.015347616046 0.9976
0.0124957817863 0.9968
0.0160180418945 0.996
0.0112069294922 0.9968
0.00906979007375 0.9968
0.0120685671911 0.9972
0.00887149805482 0.9976
0.013812528451 0.9956
0.0150058706011 0.9968
0.0137396480467 0.9956
0.0136545443126 0.9968
0.025629672066 0.9924
0.0203790462911 0.9936
0.0158502083912 0.9948
0.0108681391304 0.9972
0.0138111692301 0.9944
0.0156283709959 0.994
0.016775246084 0.9932
0.0135433677549 0.9944
0.014187904444 0.9956
0.0103203232625 0.9976
0.00996694063355 0.9968
0.0084445965512 0.998
0.0149783432453 0.9956
0.0178904236282 0.9952
0.011236848356 0.9976
0.0154043368589 0.9948
0.0114332012349 0.9972
0.0102056376234 0.9968
0.0195367900194 0.9948
0.0110710769763 0.9968
0.0116037001803 0.9964
0.0174919299397 0.9956
0.0178923988711 0.9948
0.0112328988248 0.9972
0.0114766884301 0.9972
0.00770747435894 0.9984
0.0120031554599 0.996
0.0134305704451 0.9948
0.0182361174238 0.9952
0.0204388908829 0.9936
0.0173437101608 0.9936
0.0194971032169 0.9932
0.0178963619276 0.9944
0.0101699641913 0.996
0.0110982443774 0.9968
0.013312081074 0.996
0.0162688900282 0.9952
0.00830975905666 0.9988
0.0128927196522 0.996
0.0139410122996 0.9944
0.0192391591616 0.9956
0.0146501861369 0.9956
0.011051346587 0.9964
0.0136542994593 0.9968
0.0149625432703 0.9948
0.0155408750134 0.9944
0.0110977006963 0.9968
0.0114491494238 0.9968
0.0150698526099 0.994
0.0193395516016 0.9924
0.00827605640492 0.9976
0.0145444311526 0.9932
0.0215866303808 0.9948
0.0179441266374 0.9944
0.0159429333404 0.996
0.0108082192841 0.9968
0.0126382963165 0.9956
0.0125517154388 0.9972
0.0152173405249 0.9948
0.0104681937769 0.998
0.0155514482888 0.9944
0.0170644428075 0.9936
0.0145974528448 0.996
0.0169023111009 0.9948
0.00978620789614 0.9972
0.0121546754262 0.996
0.0137778725195 0.9972
0.0121655300398 0.9956
0.0186511400102 0.9944
0.0163845716759 0.9944
0.00968681914067 0.9952
0.0169349814409 0.9968
0.0142311776748 0.9952
0.0182357020566 0.9952
0.0144449076608 0.9964
0.00972607731708 0.9976
0.0107718911313 0.9964
0.0195925004541 0.9944
0.00889556053907 0.9976
0.0115155313568 0.996
0.0106369570746 0.9968
0.0127266055537 0.9968
0.0160260716323 0.9968
0.0133699026655 0.996
0.0117165718596 0.996
0.0130949156033 0.9948
0.0117263036303 0.9968
0.0147076074557 0.994
0.00840548661138 0.998
0.0110390473757 0.9952
0.0145682212721 0.9948
0.0145855908875 0.9964
0.0109585931109 0.9968
0.0195735047662 0.9948
0.0118101262881 0.9964
0.021999693317 0.994
0.0149736042716 0.9936
0.0156550995592 0.9956
0.0167842723585 0.9944
0.00826766413124 0.9992
0.0200205897585 0.994
0.0111602935184 0.998
0.0196981018586 0.9952
0.00706774790566 0.9992
0.0125163133261 0.9976
0.00661320644567 0.9984
0.0107976643255 0.9964
0.0131195454373 0.9964
0.0123245924317 0.9968
0.008119725732 0.9988
0.00974017712341 0.998
0.0218984233497 0.9932
0.0155575256138 0.9964
0.0193015378029 0.9948
0.0158216349481 0.996
0.0110608002179 0.998
0.014710302088 0.9948
0.0171078823905 0.9948
0.0111791345467 0.9976
0.0123287466751 0.9968
0.0119411969952 0.9968
0.0177346918683 0.9944
0.0127482450195 0.9956
0.0139398449217 0.9948
0.0130903775036 0.9956
0.0149853035236 0.9956
0.0201115826089 0.9932
0.0118520360992 0.9956
0.00973651571992 0.9972
0.0110285370344 0.9972
0.00827693085104 0.9992
0.00745684819306 0.998
0.0146706402231 0.9944
0.0111898050862 0.9976
0.0168186961627 0.9948
0.0129386082158 0.9956
0.00914310293776 0.998
0.0154241083947 0.9956
0.00740980072212 0.9988
0.0135544990233 0.9964
0.0113081702151 0.9976
0.0174746802359 0.9936
0.0225294581809 0.9936
0.0146337706523 0.9964
0.0147961311928 0.9956
0.0181367407901 0.994
0.0139261673499 0.998
0.0165680256998 0.9952
0.0127920787701 0.996
0.0121519918325 0.9964
0.0112830075881 0.9968
0.0161894825435 0.9952
0.00920193890015 0.9972
0.0105414531884 0.9972
0.0141541281112 0.994
0.00786211285435 0.998
0.0103040050942 0.9964
0.00946031226223 0.9964
0.0116655176265 0.9968
0.0117508091192 0.998
0.0096294812529 0.9964
0.0131397715993 0.9968
0.019758087787 0.9952
0.0193558835927 0.9932
0.00866000159735 0.9976
0.0138756310721 0.9968
0.0128739444835 0.9968
0.0102701476988 0.9968
0.00987332500902 0.998
0.0115218305639 0.9964
0.020850789913 0.9952
0.0188139064357 0.9928
0.0168372790063 0.9936
0.0212053274612 0.994
0.0217044836231 0.9936
0.0138029635958 0.994
0.00778202134194 0.998
0.0106437184648 0.9972
0.0177558159903 0.9948
0.0120728665606 0.9968
0.0170440994745 0.9952
0.0147624484825 0.9952
0.00999041273244 0.9964
0.0140452535506 0.9952
0.0136546266211 0.9968
0.0153671873286 0.994
0.0116472368366 0.998
0.0078008480702 0.9984
0.0173690098521 0.9952
0.0110654268029 0.9956
0.0218291693826 0.9956
0.0170706665403 0.9956
0.0129069873364 0.9948
0.00853482926613 0.9992
0.0113749507257 0.996
0.0158694872542 0.9948
0.0139854501592 0.9976
0.0120082004019 0.9968
0.0143896679621 0.9944
0.015234011572 0.9952
0.0127717218924 0.9964
0.0138191590297 0.9972
0.0119019781893 0.9976
0.00926400035759 0.9968
0.0114226996794 0.9964
0.0143988428228 0.9956
0.0159037710854 0.994
0.0139366850232 0.9976
0.00715125488592 0.9992
0.0129176312355 0.9976
0.0139238587615 0.9964
0.0111916644193 0.9972
0.0153502755423 0.9964
0.0114454532094 0.9956
0.0175375501974 0.992
0.0187517364571 0.9944
0.0138171720849 0.9948
0.0156083490451 0.9952
0.0136433805371 0.9956
0.0107094119195 0.996
0.0114854534312 0.9972
0.0117987748779 0.9976
0.0202931404453 0.9948
0.0132473922906 0.9956
0.0118649207495 0.9968
0.0113457378122 0.9972
0.00876171740234 0.998
0.0106233958407 0.9972
0.0107429452896 0.9972
0.0254852497398 0.9936
0.0128055518551 0.9964
0.014822918494 0.9948
0.00594385725366 0.9984
0.0105656965485 0.9968
0.0104274524501 0.9964
0.0083397178006 0.9972
0.0150244554803 0.9944
0.0130560528564 0.996
0.0186646084911 0.9936
0.0129159492021 0.9964
0.0173304687769 0.9944
0.0152277218778 0.9936
0.00922476313508 0.998
0.0112762537196 0.9964
0.00958601377441 0.998
0.0159495578973 0.9944
0.0233548782451 0.9944
0.0180573985509 0.996
0.00916567322483 0.9976
0.0143427527897 0.9956
0.0119257840924 0.996
0.0130449959698 0.996
0.007532080655 0.998
0.0176407202629 0.994
0.011797863103 0.9972
0.00833889995676 0.9984
0.0180351097774 0.9952
0.0126945244416 0.9964
0.0136680338459 0.996
0.0200667566727 0.9956
0.00998461203812 0.9972
0.0108217525994 0.9972
0.00927872708087 0.9988
0.0103507916551 0.9968
0.0133592383263 0.9952
0.0151311388075 0.9968
0.0104374367643 0.9968
0.0124073650053 0.996
0.0129160330134 0.996
0.0148614384365 0.994
0.0150711231913 0.9936
0.0184300179575 0.9952
0.0144642157883 0.9956
0.0143913497614 0.996
0.0102519231467 0.9968
0.0132525991854 0.9944
0.0124062659514 0.9964
0.0111700931034 0.9948
0.0139571466316 0.9956
0.00952380675257 0.9976
0.0089759134605 0.9972
0.0140058362057 0.996
0.0207106512528 0.9948
0.00877310351433 0.9984
0.0124239669998 0.9948
0.0145963412819 0.996
0.0173235817323 0.9976
0.0116352229375 0.996
0.0130347543185 0.996
0.0114050292316 0.9964
0.01160769119 0.9968
0.0142789214372 0.9956
0.0164992605725 0.9936
0.0115142933763 0.9968
0.0122894352491 0.9968
0.012168489321 0.9972
0.00672672524434 0.998
0.00609745959308 0.9988
0.0132089914413 0.9964
0.0127159981671 0.996
0.0135072361744 0.996
0.00940212972668 0.9968
0.014477210965 0.9968
0.014914292111 0.996
0.016190600814 0.994
0.0114280843066 0.9964
0.00951614640264 0.998
0.0252848484397 0.9928
0.0108790220384 0.9988
0.0162416325894 0.9952
0.013064822801 0.996
0.0134588246578 0.9968
0.0165920266988 0.996
0.0120597588789 0.996
0.0125693559996 0.9952
0.0132119115953 0.9948
0.0173886031511 0.9952
0.0193023317345 0.9936
0.0128482190072 0.9956
0.010838017515 0.9952
0.0113610209838 0.998
0.00958216328454 0.9976
0.0116994809848 0.9964
0.00984721702159 0.9968
0.00996118670987 0.9956
0.0127154960827 0.9968
0.0177485495248 0.9932
0.0092500308542 0.9968
0.0133094738558 0.9972
0.0119785182067 0.9968
0.0110008043893 0.9976
0.0127452821714 0.9968
0.0119285127469 0.9972
0.0125381836212 0.9964
0.0145526819486 0.9948
0.0168492179566 0.9956
0.00884509805027 0.9988
0.0135029029245 0.9964
0.0145189135857 0.996
0.013569032505 0.9972
0.0194332373333 0.994
0.0103594228906 0.9968
0.0144508551046 0.9956
0.0136341418539 0.9952
0.0104568043211 0.9976
0.00906813061778 0.9976
0.0145113489346 0.998
0.0121545799571 0.9956
0.0138555652988 0.9964
0.0141198980617 0.996
0.0186518544062 0.9952
0.0105666030885 0.9968
0.0132920343124 0.996
0.0120805670002 0.9968
0.0176060754048 0.9952
0.0106282607646 0.9968
0.00992417474754 0.9976
0.0163392505174 0.994
0.00941019730611 0.998
0.0137608620491 0.996
0.0131455451698 0.9952
0.0117721228077 0.9972
0.0102166441645 0.9984
0.0143802390487 0.9952
0.0167410165447 0.9952
0.0128465661226 0.9956
0.0104528013183 0.9976
0.0146494843395 0.996
0.0129304731481 0.9956
0.00914804684985 0.998
0.00977200903832 0.9964
0.0143087669452 0.9948
0.011747287154 0.998
0.0085538484281 0.9972
0.0163204794359 0.9964
0.0137115973314 0.9968
0.0165946177282 0.9936
0.0198294178264 0.9916
0.011031333976 0.9976
0.00782117521533 0.9988
0.0124183198222 0.9968
0.0159385463901 0.9936
0.0137902227427 0.9952
0.0129478502069 0.9968
0.0112930396447 0.9976
0.0100565608281 0.9968
0.0106828355863 0.998
0.013179129753 0.9968
0.0152721594208 0.996
0.0140289789809 0.9952
0.0148402625795 0.9944
0.0155893099402 0.9964
0.0148828451732 0.9968
0.0117678172692 0.9956
0.00931032458704 0.9976
0.0110509903402 0.9972
0.00653045794294 0.9984
0.0147686509522 0.9956
0.0138039845646 0.9956
0.0129078114262 0.9948
0.013254658956 0.996
0.014792029079 0.9972
0.0078321723977 0.9984
0.0142896212623 0.9952
0.0134766177534 0.9956
0.0207490837459 0.9948
0.014881705302 0.9964
0.0172689278686 0.9956
0.00942357287032 0.9976
0.0126322236247 0.9972
0.0076401415938 0.998
0.00951345917467 0.9976
0.0166597292125 0.9952
0.00829648459567 0.9972
0.0100413606014 0.9972
0.0175876967491 0.994
0.0157475862336 0.996
0.0156603729901 0.9956
0.0100575513196 0.9972
0.0102561532105 0.9976
0.0116633310793 0.9956
0.0109046035391 0.9968
0.0100198232251 0.9976
0.0119943031687 0.9956
0.0195199997007 0.9944
0.016276409656 0.996
0.00784613551088 0.9976
0.00933231111498 0.9976
0.0117019224914 0.996
0.00941934148232 0.9976
0.0138609906142 0.9964
0.0120546518168 0.9948
0.0174067335898 0.994
0.0118080294395 0.9968
0.0133330154721 0.9968
0.0222767417783 0.9932
0.0121483872157 0.9968
0.0109161811209 0.9972
0.0137169701431 0.996
0.00916452617134 0.9976
0.00899025423285 0.998
0.0155785807015 0.996
0.00648125220729 0.9988
0.0159755439054 0.9968
0.0091629099894 0.9976
0.00991692282414 0.9976
0.0118466588889 0.9972
0.0115142505009 0.9972
0.0106095670833 0.9968
0.0160499766332 0.9952
0.0194008340762 0.9944
0.00833183271214 0.9976
0.00826421428213 0.9984
0.00670099892773 0.9976
0.0146450694947 0.9944
0.0103815039174 0.9968
0.0170521650692 0.9932
0.0107380694929 0.9976
0.0254272150694 0.9924
0.0130551916407 0.9964
0.0127218431346 0.9956
0.0127007542764 0.9964
0.00867849724109 0.9984
0.012804775326 0.9956
0.0111135454426 0.996
0.0134780716173 0.996
0.0177622724774 0.9964
0.00921766254571 0.998
0.00956821781314 0.9964
0.00948539097806 0.998
0.0136990486396 0.9976
0.00710425238761 0.9984
0.00939813383868 0.9976
0.0158710669824 0.9948
0.0113133700846 0.9968
0.0142624250792 0.994
0.0106238174567 0.996
0.0128402779465 0.9944
0.0133776107639 0.996
0.00853459053886 0.9984
0.0182042667446 0.9964
0.012861771031 0.9964
0.0136828963855 0.9968
0.0111634379397 0.9972
0.0113986484045 0.9944
0.0187261806906 0.994
0.0135799346816 0.9968
0.0106419252341 0.9964
0.0123315041332 0.9976
0.0132213886414 0.9952
0.00884789331732 0.9972
0.0095688878552 0.9972
0.0183960282314 0.9964
0.0111856165658 0.996
0.0108241326807 0.9976
0.0136273078324 0.996
0.0130174861517 0.9952
0.00934523410209 0.9976
0.0141237284019 0.9968
0.0124144584261 0.9968
0.010981338585 0.9964
0.0132333937477 0.9948
0.0149766060998 0.9964
0.0167635705878 0.9968
0.0155779515726 0.9952
0.00784969646057 0.9996
0.0105625028677 0.9972
0.012135466228 0.9968
0.01893032066 0.9932
0.00901922698326 0.998
0.0144319837828 0.9952
0.0103989084005 0.9976
0.0101701864141 0.9976
0.00894837949828 0.9976
0.00873458023244 0.9964
0.00971143705941 0.9976
0.00847122839745 0.9976
0.0153098485266 0.9968
0.0138751585178 0.996
0.0127503354974 0.9952
0.0189928837457 0.9956
0.00860583402654 0.9972
0.0163344997406 0.994
0.00962770751012 0.9968
0.0128475029576 0.996
0.00906424157498 0.9984
0.00741576613505 0.9988
0.00997988656838 0.996
0.0160102307488 0.9968
0.0158402631099 0.9936
0.0180333929795 0.9928
0.0204848596164 0.9944
0.012920340583 0.9972
0.0143752386584 0.9968
0.012129271958 0.9964
0.0118728351593 0.9968
0.0114836174668 0.996
0.00926474980773 0.9972
0.0101947887663 0.9984
0.0137764274657 0.9972
0.00955239868796 0.9968
0.0150011008349 0.9964
0.00874466932482 0.9976
0.0194031345592 0.9948
0.0122288110302 0.9968
0.00951226909665 0.9984
0.0125264443591 0.9964
0.00958841172355 0.9976
0.0103569375401 0.9976
0.0103286426382 0.996
0.0142479118286 0.9948
0.02123935726 0.9932
0.0170516439118 0.996
0.0130077156138 0.9956
0.00585702580755 0.9984
0.0114946729855 0.9956
0.0148344626377 0.9948
0.0174728723859 0.9952
0.0065087032024 0.9984
0.015401807675 0.9952
0.0173493535895 0.9948
0.011211593977 0.9968
0.0104916887717 0.9956
0.0104559309116 0.9972
0.015841963863 0.9972
0.012594949462 0.9968
0.0142407352361 0.9956
0.0100249311405 0.9968
0.0118325258308 0.9972
0.00938744701626 0.998
0.0165843700113 0.9936
0.01005648915 0.9972
0.00860092290867 0.9972
0.00592578667522 1.0
0.00867229291118 0.9976
0.00773598521968 0.9984
0.0112745603356 0.9964
0.0138236139272 0.9948
0.013528038656 0.9964
0.0106482772845 0.9972
0.0101719380748 0.996
0.0240765910565 0.992
0.0105293840736 0.9976
0.0184518484985 0.9916
0.0118781045502 0.9972
0.00811846297171 0.998
0.0145710394078 0.9956
0.00979948011035 0.998
0.0154987349513 0.9956
0.0127585302225 0.9968
0.0119421616669 0.9972
0.0126604151699 0.998
0.0126578739239 0.9968
0.0110828516416 0.9976
0.0104504631603 0.9972
0.0101351069578 0.9968
0.0120249265749 0.9964
0.012695219658 0.9976
0.0146341677776 0.9964
0.0121906608097 0.9968
0.0133902014368 0.9956
0.00972954140791 0.9972
0.0180267051975 0.9936
0.0118575392468 0.9952
0.0134268466378 0.9952
0.0104822861328 0.9964
0.0162797665079 0.9936
0.0103971346525 0.9964
0.00811027625244 0.9976
0.0120424630191 0.9976
0.0138230157762 0.9952
0.0117254512231 0.9964
0.00977922878393 0.9968
0.0125064648742 0.9968
0.011856931257 0.9964
0.0114212045941 0.9972
0.0094797273555 0.998
0.00834654027486 0.998
0.0134306404271 0.9948
0.0140193421897 0.996
0.0143300368799 0.9972
0.0139991963881 0.9952
0.0119507397303 0.996
0.0127906955937 0.9972
0.0136921198049 0.9956
0.0121042076458 0.9956
0.0158501752368 0.996
0.0100918222367 0.9964
0.00882386669403 0.996
0.0162135057574 0.9956
0.0229238402954 0.9944
0.00822679197433 0.9984
0.0141029197684 0.9968
0.00916560613937 0.9984
0.0118621336106 0.9968
0.0145729846598 0.996
0.0100516588055 0.9976
0.012619519065 0.996
0.0116268274278 0.9972
0.0147966267684 0.9944
0.0116070929 0.996
0.0131960056123 0.996
0.0124569802329 0.996
0.00998961495862 0.998
0.0202429303217 0.9932
0.0128673240743 0.996
0.0136020038467 0.9952
0.0113086404308 0.998
0.00839480942432 0.9984
0.0112833569819 0.9968
0.0118102864045 0.9952
0.00858926451661 0.998
0.00904081937648 0.9984
0.0136349860795 0.9976
0.00794047442433 0.9972
0.00946805613614 0.9988
0.0115374405283 0.9972
0.00863029862135 0.9988
0.00621131710741 0.9992
0.0129036066466 0.9972
0.0129430503091 0.9956
0.0141607975431 0.9952
0.0191214135044 0.9944
0.0121606635984 0.996
0.0114439320658 0.9968
0.0150550591754 0.9952
0.0108430781597 0.9976
0.0136570135335 0.9936
0.0125169454561 0.9956
0.00857361482598 0.998
0.0163130699162 0.9956
0.0100825837364 0.9976
0.00959251533126 0.9976
0.0142093084735 0.996
0.00805958456178 0.9972
0.0116261111266 0.9972
0.0148312915677 0.994
0.0160314509818 0.9956
0.0137596193708 0.9948
0.00937612057379 0.998
0.00972954602859 0.9984
0.012656770602 0.9952
0.0100334066145 0.998
0.0100542719093 0.9968
0.0160722896819 0.996
0.0128218967571 0.996
0.00892815397668 0.9968
0.0150804571691 0.9972
0.00998159677936 0.9976
0.00827200398675 0.9976
0.0142791881829 0.9948
0.0120206939643 0.9968
0.0128247405153 0.9972
0.00886770878821 0.998
0.00958802155118 0.9976
0.0108049454873 0.998
0.0143623535653 0.9952
0.0155556553731 0.994
0.0103423000579 0.9984
0.013612855881 0.9972
0.0191173721743 0.994
0.0141623761041 0.9976
0.0100063723477 0.9976
0.0116966895122 0.9964
0.011031450128 0.9968
0.00761680179286 0.9988
0.0151679628489 0.9952
0.00899395467787 0.9976
0.00992132862974 0.9976
0.00830596474032 0.9972
0.00696568591703 0.9988
0.0151914574895 0.996
0.0096868339822 0.9972
0.00800904973603 0.9984
0.012395047154 0.9968
0.0170697162783 0.9948
0.0175804827558 0.996
0.0151569862356 0.9956
0.0114920926856 0.996
0.0110915537358 0.9964
0.0253524575144 0.992
0.0063900868968 0.9984
0.00759987393407 0.998
0.0105121008149 0.9972
0.0106291595141 0.9964
0.0163554505229 0.9948
0.013648476191 0.9956
0.0108416556408 0.9956
0.0128355696734 0.996
0.0143229889887 0.994
0.00718368216411 0.9984
0.01095210503 0.9964
0.0117989142523 0.9976
0.0112741720674 0.9976
0.0124051279002 0.9968
0.0108480392418 0.9972
0.0122499012906 0.9964
0.0146119656246 0.9956
0.0121165834459 0.9956
0.00921296463453 0.998
0.0114938255962 0.9972
0.00932256317997 0.9964
0.0131144273653 0.9944
0.0122133150897 0.9968
0.0195378024621 0.9956
0.0103944567612 0.9968
0.00973334034671 0.998
0.0139607412976 0.9948
0.0083703332997 0.9988
0.00927955522186 0.9976
0.0105771448953 0.9972
0.0163950984042 0.996
0.0121208058652 0.9976
0.00730095142309 0.9984
0.010197532649 0.998
0.0134134990385 0.996
0.0174400939417 0.9948
0.0111419257451 0.998
0.0110276635048 0.9968
0.0083797510022 0.9972
0.0117311630094 0.9956
0.0165757716619 0.9916
0.00829597774339 0.9972
0.00779700743144 0.9984
0.00866685385746 0.9968
0.0154183907162 0.9956
0.0129777641768 0.996
0.0128561558378 0.9968
0.0137235327237 0.9952
0.0128798172238 0.9952
0.0101624834506 0.9972
0.0120246580983 0.9972
0.0171209725559 0.994
0.0145931999148 0.9964
0.0128352064431 0.9964
0.0105922609125 0.9964
0.0107891894923 0.996
0.00978099597528 0.9976
0.0115526731948 0.996
0.00826378705273 0.9984
0.0143755794416 0.996
0.0133176173238 0.9964
0.0143096534701 0.996
0.0116870222894 0.9968
0.00818141400794 0.9976
0.0139823425946 0.9964
0.0103097059698 0.9972
0.00878376379392 0.9992
0.0100140929766 0.9976
0.0189976615576 0.9944
0.0122443995574 0.9968
0.00967196786695 0.9968
0.00924966588115 0.9964
0.0106860882235 0.9968
0.0113406278714 0.9964
0.0108955474415 0.996
0.0140059791478 0.9968
0.0132018132682 0.9964
0.0154960946496 0.9972
0.0103066848087 0.996
0.01187174562 0.9964
0.0124924689999 0.9952
0.00959755937939 0.9972
0.0106916793102 0.9964
0.0129023740847 0.9972
0.00905239928714 0.9972
0.0119432094083 0.9952
0.013243866073 0.9976
0.0102607784554 0.9976
0.0144976894692 0.9964
0.00905206896391 0.9984
0.0100910950993 0.9976
0.0100233421506 0.9972
0.00980356555089 0.9976
0.0124207024317 0.9956
0.0129702047874 0.9948
0.0122482302077 0.9968
0.0135640896765 0.9952
0.0130541313062 0.9964
0.0131982718188 0.9968
0.0116863857426 0.9968
0.0151888152769 0.996
0.0149390496033 0.9968
0.0146062018513 0.9968
0.0095271539097 0.9976
0.0120009615135 0.9972
0.0157731334455 0.994
0.00765509716096 0.9984
0.0107635135334 0.9956
0.0097535133098 0.9976
0.0105126326938 0.9984
0.00650279474594 0.998
0.0136226510858 0.9968
0.0149020228689 0.9964
0.0103346011727 0.9968
0.0120280380515 0.9968
0.0091172478611 0.9988
0.0135511177466 0.996
0.0145969488296 0.9956
0.0129183367731 0.996
0.0105844446529 0.9964
0.0168174398597 0.9944
0.0143154106084 0.9968
0.0117491117549 0.9968
0.0122106823508 0.9956
0.00985491762999 0.9984
0.0123759256809 0.996
0.0104035769973 0.996
0.0145083948824 0.9964
0.0130918781012 0.996
0.0071387628707 0.9988
0.00895682742622 0.9968
0.0114234989315 0.9964
0.00732823722937 0.9984
0.0103275357556 0.9976
0.010639958794 0.9972
0.00873770362574 0.998
0.00769592415037 0.998
0.0121047488132 0.998
0.0109779410343 0.9968
0.0155419416681 0.9968
0.0149930051217 0.9964
0.0147263374545 0.9948
0.0143642483282 0.9968
0.0136654563892 0.9948
0.0122527479696 0.9976
0.0130595249592 0.9964
0.0177767665685 0.9956
0.0166241689084 0.9948
0.0110171006281 0.9956
0.00885147477364 0.998
0.00963869348055 0.9968
0.0132810169799 0.9948
0.00834914029546 0.9984
0.0123234785735 0.9972
0.0129795931994 0.996
0.00832067401033 0.9984
0.0114829815583 0.9968
0.0119640702293 0.9972
0.00794532401027 0.998
0.00898603033292 0.9976
0.00771643936199 0.9988
0.011534742846 0.9968
0.00850293946428 0.9972
0.0136275936904 0.9976
0.0179618799852 0.9952
0.00886734815911 0.9984
0.00712751451648 0.9984
0.00805733739014 0.9988
0.0189242041728 0.994
0.0136496779763 0.996
0.0127870319089 0.9944
0.0115335408049 0.996
0.0153158668252 0.9952
0.0222030119245 0.9944
0.00940586017299 0.9976
0.0136582883569 0.9964
0.00865596079793 0.998
0.0177434100262 0.9952
0.0109084662449 0.9972
0.0139200922992 0.9956
0.00948065382149 0.998
0.00796785951143 0.998
0.0127020235198 0.9948
0.0112092350667 0.9976
0.0150576499418 0.9956
0.0160987661012 0.9972
0.0130970070171 0.9968
0.00804174644863 0.9984
0.010689019734 0.9976
0.0123401345535 0.996
0.0114418473388 0.9964
0.00859127711003 0.9988
0.0154105294591 0.9944
0.00847166741958 0.9984
0.007440011261 0.9984
0.0124787424572 0.9964
0.0125838062464 0.9956
0.0108191781456 0.9964
0.0127122000847 0.9972
0.00991274694538 0.996
0.010942231278 0.998
0.0106722837343 0.9984
0.0139161603237 0.9956
0.00896202024189 0.9976
0.0158891437181 0.996
0.0133924206182 0.9964
0.0101546049427 0.9964
0.0106288887292 0.9968
0.0139711662447 0.9948
0.00918536242476 0.998
0.00993470169272 0.9972
0.00921970848523 0.9964
0.0182241231669 0.996
0.00886622884941 0.9976
0.0112176870472 0.9972
0.00808635981251 0.9984
0.00893767619391 0.9972
0.0122949234814 0.9948
0.00947331383023 0.9976
0.013460868223 0.9952
0.0165433801402 0.9948
0.0126845770288 0.9964
0.0136574244103 0.9956
0.00764320192546 0.9976
0.00910556268896 0.9984
0.00682885129949 0.9992
0.00813087250311 0.9984
0.0147703092156 0.9948
0.0160806703259 0.9964
0.0106111221815 0.9976
0.00788974510501 0.9988
0.00873565024546 0.9984
0.0115225045438 0.9976
0.00836926024339 0.9988
0.00940941902955 0.998
0.00525943643532 0.9992
0.0168202589771 0.9952
0.010128714002 0.998
0.0138895587648 0.996
0.0117835758212 0.9976
0.0105517923475 0.9984
0.0156200547733 0.9952
0.018926448824 0.9932
0.0101105843364 0.9968
0.0127323677385 0.996
0.0209336417184 0.9912
0.0136622211613 0.9956
0.00796795730453 0.9984
0.0101020432598 0.9984
0.00706463923789 0.9988
0.00961795150709 0.9972
0.0126268555389 0.9964
0.00748303791208 0.9996
0.00862485654127 0.998
0.0126309298697 0.9964
0.00756488929988 0.998
0.0156404529709 0.9948
0.0128322621582 0.9964
0.00882022846163 0.9988
0.0127805032286 0.996
0.012048561598 0.9972
0.00842134417101 0.9976
0.0129354644834 0.9952
0.0107378013824 0.9964
0.0177241605962 0.9944
0.0158130748927 0.9972
0.0138379681098 0.9956
0.0126363757414 0.998
0.00921186136209 0.9976
0.0115999385394 0.996
0.0116377674411 0.9972
0.00718136320904 0.9988
0.00706592972755 0.9996
0.0195322227066 0.9932
0.0110431811126 0.9968
0.00782314069397 0.998
0.0112574742571 0.9964
0.0122285599531 0.9968
0.00941422056244 0.9972
0.00996353119195 0.9984
0.0093414664475 0.9984
0.0122371445436 0.9968
0.0107680453567 0.9976
0.0119467935541 0.9956
0.0110549316641 0.9968
0.00755787486034 0.9984
0.013013633837 0.9952
0.0138679845606 0.9964
0.0194408749977 0.9944
0.0132397031473 0.996
0.012165304092 0.9964
0.0129257606062 0.9956
0.0121671983653 0.9948
0.0145078276779 0.9964
0.00803476526394 0.998
0.0113660825662 0.998
0.00744959244926 0.9988
0.00738575412231 0.9984
0.00839574584615 0.9972
0.00940559249872 0.998
0.0131555833096 0.9956
0.00813789852672 0.9968
0.013521630154 0.9948
0.0118572162296 0.9964
0.0109023609485 0.9964
0.0168663327871 0.9948
0.0114907392672 0.9972
0.00962878865679 0.9972
0.0119594038171 0.9956
0.0109470050669 0.9972
0.0176607405504 0.9936
0.0108937279846 0.996
0.0108382469675 0.9984
0.0197229383076 0.9944
0.0130547526371 0.9956
0.00734835376562 0.9992
0.0104347757384 0.9976
0.0119508896403 0.9956
0.0114808612849 0.9972
0.0126095940163 0.9976
0.0090939326661 0.9984
0.00713764543442 0.9984
0.00820185140815 0.9988
0.010346640545 0.9972
0.0160764382914 0.996
0.013301259951 0.9964
0.00944709894936 0.9976
0.015912245417 0.9948
0.00897637079951 0.9976
0.0114322388251 0.9972
0.00896910834966 0.9972
0.00977229345755 0.9984
0.0103657827823 0.9968
0.011774404556 0.996
0.0134912293622 0.9972
0.0128823669129 0.996
0.0115775141302 0.9968
0.0110361059762 0.996
0.0100206809867 0.9968
0.016068008129 0.9948
0.00962031522653 0.9964
0.00898841595514 0.9984
0.0220329569555 0.9944
0.01108439755 0.9964
0.0103716543705 0.9976
0.00787025209515 0.9984
0.0108771232104 0.9964
0.00704366412702 0.9988
0.0103917357089 0.9972
0.0116944549172 0.9968
0.0122119046033 0.9956
0.00805206083361 0.9964
0.0106478049692 0.9976
0.0146548334366 0.9976
0.00958139373466 0.9964
0.0133158424268 0.9964
0.00753936251651 0.9984
0.0117774107371 0.9956
0.0120719547652 0.9968
0.0180476642635 0.9956
0.0145809580721 0.994
0.0119319602924 0.9976
0.0145599892295 0.9936
0.0114732389845 0.9976
0.00747159540616 0.998
0.0156607842236 0.9956
0.00974603831314 0.9972
0.00837131343763 0.998
0.0119325226662 0.9964
0.00694562323112 0.9988
0.00700527895973 0.9992
0.0134570401793 0.996
0.00964801060506 0.9968
0.0103881441914 0.9972
0.0116720074105 0.9964
0.0144949174675 0.9944
0.0146632763779 0.996
0.0117425712933 0.9972
0.0150263621836 0.9952
0.0168424854707 0.9936
0.00976069040041 0.9976
0.00893988009047 0.9972
0.014783626579 0.9956
0.0109613080609 0.9976
0.00906498950414 0.9976
0.0142703395218 0.9956
0.0142558789002 0.9964
0.0112487256257 0.9956
0.0103974532864 0.996
0.00966784640919 0.998
0.00934106764203 0.9972
0.00767149073271 0.9988
0.0127542948883 0.9956
0.00794273377095 0.9976
0.0100041569368 0.9972
0.00822831030431 0.9972
0.00682076326512 0.9984
0.0138730829855 0.9952
0.0109313441504 0.9964
0.0126598297303 0.9948
0.0100694834596 0.998
0.00502183788457 0.9996
0.013969471887 0.9952
0.00827628335714 0.9988
0.00959579459839 0.9968
0.00966208000204 0.998
0.0143972174805 0.9952
0.012374184953 0.998
0.0151721290419 0.9952
0.0133755565706 0.9972
0.0128668885725 0.9988
0.0117483073137 0.9976
0.00883273931501 0.9976
0.0119292578804 0.996
0.0173935578362 0.9944
0.0110697973985 0.9964
0.0103672199959 0.998
0.0120002573436 0.9972
0.0138695751994 0.9968
0.0093669067721 0.996
0.00624283582113 0.9988
0.0100566191625 0.9976
0.0114853229739 0.9968
0.0161262587091 0.996
0.0121467188783 0.9964
0.0106693367225 0.9964
0.0109925951738 0.996
0.0106336113202 0.9968
0.00970298366264 0.9976
0.0107752505106 0.9968
0.0081456841903 0.9972
0.0173353697815 0.9956
0.013607033494 0.9956
0.0119257377572 0.9964
0.013151179465 0.9964
0.00957993935382 0.9972
0.0151623975935 0.9948
0.00751038311326 0.998
0.0126666075742 0.9972
0.00609514892954 0.9992
0.0185948076146 0.9964
0.0139569465474 0.9956
0.0132649044732 0.996
0.015744871895 0.9968
0.00825165420145 0.9972
0.00967382129829 0.9964
0.0128898677648 0.9964
0.0089482292282 0.9972
0.00864473581008 0.9988
0.0111560061211 0.996
0.0108964564298 0.9976
0.00979010770958 0.9964
0.0129775151987 0.994
0.0116292669464 0.9968
0.0115737969791 0.9968
0.0087028448178 0.9964
0.0129602406696 0.9964
0.0161941168552 0.994
0.00819627249875 0.9968
0.010725386374 0.9968
0.0137965090037 0.996
0.00905341621507 0.9984
0.0160490286178 0.9956
0.0128817216966 0.9964
0.00732970251992 0.9984
0.0141320727011 0.9964
0.0098193575216 0.9972
0.0069558811352 0.9976
0.00982724833091 0.9972
0.0138173112248 0.9964
0.0129364355932 0.9968
0.00876855599097 0.9976
0.0131720789852 0.996
0.00911515361852 0.998
0.0128367046531 0.996
0.0139137631747 0.9948
0.0123340219302 0.9964
0.00542873191618 0.9992
0.0142364367967 0.9956
0.00933278757089 0.9984
0.0125655332123 0.9976
0.00902408293747 0.996
0.0131344061893 0.9952
0.0143083574229 0.9964
0.0116058643747 0.998
0.0127050547479 0.9976
0.0109368893218 0.9972
0.00869696597283 0.9976
0.00887090339912 0.9976
0.00775564472339 0.9984
0.0111011802631 0.9952
0.00679690715262 0.9988
0.00998811503821 0.9972
0.0138344690843 0.9956
0.0147836270568 0.994
0.0162655667935 0.9964
0.0102111773294 0.9972
0.00899269556131 0.9968
0.0111693223943 0.9972
0.0125108280479 0.9972
0.0110831425778 0.9976
0.0113410464561 0.9964
0.0155321482585 0.9952
0.0128085726304 0.996
0.00891910839198 0.9984
0.00737535933379 0.998
0.00841650135695 0.9976
0.00985994501863 0.996
0.00783115756196 0.9992
0.0165752924536 0.9952
0.012257287593 0.9964
0.0133101121302 0.9976
0.00889964243429 0.9976
0.0126545236613 0.9972
0.00928528283149 0.9984
0.0100456995742 0.998
0.0109952815879 0.998
0.0136278584714 0.9968
0.0073793908936 0.9976
0.0143632526424 0.996
0.0133420453403 0.9968
0.0101367019658 0.9976
0.0153917382094 0.9964
0.0101584939675 0.9976
0.0105323799616 0.9984
0.0109623353976 0.996
0.014848171036 0.9956
0.00850950137786 0.9976
0.00878245501627 0.998
0.01056870975 0.9972
0.00986624648796 0.9968
0.0113046937049 0.9968
0.0135203082433 0.9952
0.00813623531269 0.9976
0.0156047597811 0.9944
0.00714639034181 0.9988
0.00800024693866 0.998
0.00904319204824 0.9976
0.0107695943963 0.9964
0.0108338852542 0.998
0.00477364328991 0.9996
0.0109404911745 0.9972
0.0132184208967 0.9944
0.012324069751 0.9968
0.0128093804748 0.9956
0.0187669587775 0.994
0.0116501162754 0.9952
0.0120935363526 0.996
0.00955494129311 0.9976
0.0156980891228 0.9968
0.0106090357017 0.996
0.00888493216648 0.998
0.014092749584 0.9972
0.0118069236473 0.9968
0.0185044230151 0.994
0.0106352025211 0.9956
0.00993780152376 0.9972
0.00952165711353 0.9972
0.00837976957341 0.998
0.00953830303886 0.9968
0.0134755210572 0.9976
0.00596118494944 0.9984
0.0108847054692 0.9988
0.00916845026189 0.998
0.00761648064373 0.9988
0.011834775845 0.9964
0.0121140819834 0.9968
0.0093900503589 0.9964
0.0107713849275 0.9968
0.0131144913428 0.9964
0.0141984922098 0.9968
0.00979705177966 0.9976
0.0108495622971 0.9964
0.0150003486364 0.996
0.0138049693962 0.9948
0.014159564607 0.996
0.0103606417089 0.9976
0.0120368003055 0.9972
0.0118370909154 0.9964
0.00875861804426 0.9968
0.0112790240734 0.996
0.0128726696127 0.9964
0.0134999971447 0.9948
0.0110549040508 0.996
0.00815962136977 0.9976
0.00989421070218 0.998
0.0128116945124 0.9972
0.0126045453565 0.996
0.00942582294956 0.9976
0.00888409278298 0.9984
0.0142887930554 0.9944
0.00782556276572 0.9988
0.0124912367228 0.9964
0.011665177445 0.996
0.0131405975217 0.9956
0.010091887775 0.9968
0.0141641752413 0.9972
0.00961724956586 0.9968
0.012297842293 0.9956
0.0075806037214 0.998
0.00832584085403 0.998
0.0100186358414 0.998
0.0150382092102 0.9952
0.00993365745998 0.9972
0.0126270955037 0.994
0.0137797023021 0.996
0.0119432607817 0.9964
0.00584108567875 0.9988
0.0144031979231 0.9956
0.00866431886975 0.9976
0.00813941956797 0.998
0.00750755166461 0.9984
0.00857725623384 0.998
0.00890171570443 0.998
0.0102822801508 0.9964
0.00941171033072 0.998
0.013606078642 0.9972
0.00764825743058 0.9984
0.0184275762164 0.9948
0.00800634076016 0.998
0.0129899096882 0.996
0.0173428354314 0.994
0.014778673186 0.9956
0.00808043767339 0.9972
0.011526642041 0.9968
0.0124345523692 0.996
0.0189941334822 0.9952
0.0087189504859 0.9968
0.00778025703714 0.9992
0.00825417487253 0.9976
0.0126842057935 0.9952
0.0152042325671 0.9968
0.0108876576594 0.9968
0.00848528734405 0.9984
0.0118520150712 0.9968
0.0111928933503 0.996
0.00972949556934 0.9972
0.0121311201754 0.998
0.00869329023289 0.998
0.0077556243074 0.9976
0.0101268278226 0.996
0.0147645417396 0.9936
0.00928205816499 0.9968
0.0103328831309 0.9972
0.0123367159853 0.9964
0.0124937777296 0.9972
0.00981740667098 0.9968
0.010104899421 0.9968
0.00788737758248 0.998
0.0108004843965 0.9964
0.0172143973839 0.9952
0.00929052474444 0.9972
0.012972770416 0.9956
0.0112306923109 0.9972
0.0104092075622 0.9964
0.0114588647945 0.9968
0.00899293405572 0.9992
0.0123317699821 0.9964
0.00967707104042 0.998
0.00631892596897 0.9984
0.00792908757451 0.9984
0.00970377866001 0.9964
0.0103424837678 0.9968
0.01495083322 0.9948
0.0115656597414 0.9976
0.0107839914228 0.9964
0.0116981235461 0.9976
0.0107372210247 0.9976
0.00907007621374 0.998
0.00949294198409 0.9984
0.0163952511889 0.996
0.0134696986233 0.9964
0.0102349266728 0.9972
0.0131595746212 0.996
0.0174111033016 0.9968
0.0115121405961 0.9964
0.0080771226296 0.9988
0.00810150273684 0.9984
0.00919643926397 0.998
0.0125029564348 0.996
0.00874204495455 0.9988
0.00938564164395 0.996
0.0113382386662 0.996
0.00901837301792 0.9976
0.0128027150576 0.9956
0.0139513856215 0.9964
0.00939292148004 0.9972
0.011298338882 0.9968
0.0137993397475 0.9964
0.00728693139301 0.9984
0.0136589451885 0.9952
0.00799792296867 0.998
0.0131258186661 0.9968
0.0120633840319 0.9972
0.00730365854715 0.9984
0.0120817208429 0.9956
0.0102828900252 0.9972
0.00674480093287 0.9984
0.00670357935613 0.9992
0.0124314942954 0.9968
0.00862293986834 0.998
0.0112870891463 0.996
0.0155194194816 0.996
0.00806883158531 0.9976
0.0144687242025 0.996
0.00713611340381 0.9984
0.0109530367718 0.9948
0.0114000881772 0.9968
0.0123350798845 0.996
0.0136137451022 0.9956
0.00906077548314 0.998
0.0128235567794 0.9952
0.0122436746564 0.9968
0.0100208425347 0.9976
0.00881913764212 0.9984
0.00820713814475 0.9992
0.00685464052094 0.9984
0.00928832826468 0.9972
0.0135046127846 0.996
0.0109185481951 0.9976
0.0110592874082 0.9952
0.0122685564749 0.9984
0.0109279476166 0.9964
0.0151195870714 0.9944
0.0103624020798 0.998
0.00768077399394 0.9984
0.010531881342 0.9964
0.0123025326216 0.996
0.0125580435999 0.9968
0.00801993285628 0.998
0.0105728291457 0.9972
0.014138447391 0.9964
0.00732629528511 0.9988
0.00981046120894 0.9976
0.00777681896958 0.998
0.0133416153242 0.9968
0.00673612253623 0.998
0.0104259717289 0.9968
0.0117778507317 0.9956
0.00929815077268 0.9976
0.0124876173975 0.9952
0.0106798203607 0.9968
0.0118852612329 0.996
0.0118860222475 0.9968
0.00948634397128 0.9976
0.00973616939581 0.998
0.0076224577413 0.9972
0.0139558400361 0.9952
0.0132225318437 0.9944
0.0161840538541 0.9952
0.00996338016834 0.9972
0.00861942634356 0.9976
0.0071966369966 0.9988
0.00483757188258 0.9992
0.00795657591396 0.9988
0.00883617506298 0.9988
0.00853920114383 0.998
0.00752217634663 0.9984
0.0149304063854 0.9948
0.00724594820087 0.9984
0.00861850561847 0.998
0.0111329211728 0.996
0.00854591156671 0.998
0.00856559596296 0.9976
0.0172173408251 0.9948
0.0103471996641 0.9968
0.0116971710193 0.9976
0.00828691624828 0.998
0.0165966875474 0.9944
0.0123944546918 0.9976
0.0119433552441 0.9968
0.0184406717151 0.9944
0.00851840566779 0.998
0.00858711658639 0.998
0.0157130620233 0.996
0.00973177443844 0.9964
0.00805755902699 0.998
0.0125770975304 0.9968
0.0109629800094 0.9976
0.0217927099364 0.9948
0.0114291407138 0.9956
0.00815881140359 0.9984
0.00932992911037 0.9968
0.00934053000765 0.9992
0.0110737804352 0.9968
0.0110987251062 0.9968
0.0093608767657 0.996
0.00739528893546 0.9988
0.0120809609052 0.996
0.0151270260376 0.9964
0.00927870496816 0.998
0.00755039546461 0.9988
0.00894665087401 0.9976
0.00917123234746 0.9992
0.0121148334869 0.9968
0.0101576670942 0.9964
0.0159740918328 0.9948
0.0132365387592 0.9956
0.00982305207823 0.9972
0.00874666795851 0.9988
0.00915769436403 0.9964
0.00801173267187 0.9984
0.014785336278 0.9952
0.0107129237941 0.9972
0.0104315861244 0.9972
0.0136961389081 0.9964
0.00905937434676 0.9988
0.0095427775806 0.9972
0.0165915128658 0.9936
0.0100807124446 0.9972
0.0117976914891 0.9968
0.0109600942753 0.9976
0.0111778223106 0.9972
0.00910100249675 0.9968
0.0117674748552 0.9976
0.0127205987839 0.996
0.0133972293425 0.9952
0.0107058449564 0.9964
0.0142685700753 0.996
0.0071269582395 0.998
0.0093609535256 0.9968
0.0127525824591 0.9952
0.00914590686464 0.998
0.00864986901159 0.9976
0.00839490238865 0.998
0.00652790075305 0.9992
0.0110865018513 0.9952
0.0130049287057 0.9972
0.0137622442928 0.996
0.0125268350497 0.9944
0.00830853617388 0.9972
0.00684269574468 0.9992
0.00822358167957 0.9976
0.0158055152498 0.9956
0.00825171211078 0.9988
0.00862385516839 0.9984
0.00759780408744 0.9972
0.00915347923057 0.9968
0.0101433414848 0.9972
0.0120315227519 0.9956
0.00803562755019 0.9972
0.008838426013 0.998
0.0109211789964 0.996
0.0195675630763 0.9944
0.0188122933459 0.9948
0.0106171192555 0.9972
0.0111349851079 0.9976
0.0122975730583 0.9964
0.00708906613093 0.9984
0.00879293494628 0.998
0.00627321662897 0.9988
0.0169215392263 0.994
0.00761256616325 0.9988
0.0134549765546 0.996
0.0142890385129 0.9956
0.00904925794243 0.998
0.0109934888124 0.9968
0.00678206962383 0.9992
0.0147001782547 0.9952
0.00954371387355 0.9988
0.00762796257612 0.9988
0.00656272047772 0.9996
0.0078801076933 0.9984
0.0109177366814 0.9976
0.0123010164623 0.996
0.00959394745735 0.9972
0.0103206941903 0.9968
0.00917107030659 0.9964
0.0138822297836 0.996
0.0134619911979 0.9968
0.0143668266806 0.996
0.00688214104084 0.998
0.00873852463062 0.998
0.00985137565247 0.9976
0.00883176415906 0.9984
0.0130197224852 0.996
0.0115577795606 0.9968
0.00674870806801 0.998
0.0125224565197 0.9964
0.0108714284311 0.9972
0.0119682076585 0.9972
0.0114728667663 0.9968
0.00787723001497 0.9976
0.0108041443839 0.9952
0.010680410275 0.9976
0.0146707867867 0.9956
0.00956138353349 0.998
0.0171684573112 0.9952
0.00691592448419 0.9984
0.0102845073247 0.9968
0.00772523520504 0.998
0.0107750753539 0.9972
0.00946370654174 0.998
0.0112501640988 0.9968
0.0120141278708 0.9956
0.0104537116724 0.9952
0.0108867768791 0.996
0.0123814037671 0.9964
0.0073273433616 0.9976
0.0108284868201 0.9956
0.00692292082418 0.9988
0.016065871631 0.9964
0.00915830332562 0.9968
0.00822131022281 0.9984
0.00781728673766 0.9984
0.00839031782024 0.998
0.00854463816701 0.998
0.0079110786903 0.9976
0.0107046069062 0.998
0.0134721093908 0.9976
0.0104676777343 0.9984
0.0113340164661 0.9976
0.0138989616464 0.9964
0.0088842666453 0.998
0.0109387871328 0.9976
0.0134897663344 0.996
0.0125520018614 0.9968
0.00761910436611 0.9976
0.008419318061 0.9976
0.00984997716151 0.998
0.00812213188668 0.998
0.00959535604532 0.998
0.0111317696789 0.9972
0.01034087456 0.9976
0.0100979903209 0.9968
0.0119660224148 0.9968
0.0103432684563 0.9972
0.0100231755517 0.9964
0.0123810722622 0.9948
0.0102250983594 0.9972
0.00814435682164 0.9976
0.0122243076837 0.9972
0.0101180763893 0.9968
0.0075908432313 0.9972
0.0109830905956 0.9956
0.0161915068812 0.9956
0.00795730315899 0.998
0.0129585158653 0.9964
0.00639777777021 0.9972
0.00903530407769 0.998
0.0114367115576 0.9968
0.013135958833 0.994
0.0135901794353 0.9964
0.00908074317822 0.9972
0.00651469467665 0.9984
0.011967417794 0.9948
0.0121691729829 0.9968
0.0114934036878 0.996
0.00906643748209 0.9964
0.0109176611518 0.9976
0.0104939877052 0.9976
0.00752316738601 0.998
0.00691738583581 0.9984
0.00824184459373 0.998
0.0109354893816 0.9984
0.0126760575925 0.996
0.0145007208411 0.9964
0.00982440084317 0.9972
0.0131707188418 0.9956
0.0120521662971 0.996
0.00692726268452 0.9984
0.00976435820363 0.9972
0.0107446330375 0.9972
0.0105538609597 0.9964
0.012957582976 0.996
0.00830172298484 0.9988
0.0155646284778 0.996
0.00735211085615 0.998
0.00555115262148 0.9996
0.0122233976715 0.9972
0.0083415309874 0.9984
0.0126357905908 0.996
0.0101071182882 0.998
0.00955896347794 0.9964
0.00636505528195 0.9984
0.0156112506005 0.9944
0.0117085458621 0.996
0.00681371248178 0.9992
0.0098758665292 0.9984
0.00903254605895 0.998
0.0148248691662 0.9944
0.0112309773672 0.9972
0.00993290195958 0.9976
0.00912506543167 0.9968
0.00967179162807 0.9968
0.00939951316082 0.9976
0.0103479019613 0.9984
0.0136473176129 0.9956
0.0143955997549 0.9964
0.00919074009431 0.9972
0.0120542985469 0.996
0.0081593713565 0.9984
0.00821501777041 0.9972
0.0117665824919 0.9976
0.00961143919149 0.9976
0.0121877434984 0.9964
0.00992026350165 0.9968
0.00793772865244 0.998
0.00749973549094 0.9984
0.00666869837784 0.9984
0.0143772818624 0.9948
0.0128852305087 0.9956
0.0102951523308 0.9964
0.00473040468123 0.9996
0.00837645228247 0.9988
0.00795499396315 0.9976
0.0157374400837 0.996
0.0151669484102 0.9944
0.0131843266544 0.996
0.00771272137893 0.9988
0.00846737140197 0.9984
0.0112490578242 0.9968
0.0133799883243 0.9972
0.00814589728189 0.998
0.0132217823169 0.9948
0.0131355326735 0.9956
0.00835095286707 0.9984
0.00899945474255 0.998
0.00821151525218 0.9972
0.00736989415623 0.9984
0.0134096918572 0.9952
0.00831214677401 0.9988
0.0105876832434 0.9976
0.00605348021075 0.9996
0.00605629399865 0.9984
0.0107257459479 0.9964
0.00948215991005 0.9968
0.0140305546329 0.9948
0.00955074700708 0.9972
0.0144144466824 0.996
0.00898354595927 0.9984
0.0107310492717 0.9956
0.011051851219 0.9956
0.0121957921355 0.996
0.0107426426624 0.996
0.00984038839014 0.9984
0.0185490511138 0.9932
0.0114663369515 0.9972
0.0100468837119 0.9972
0.0105556089241 0.9972
0.00909097686627 0.9984
0.0137528024012 0.996
0.0149986601395 0.9956
0.00808430356607 0.9988
0.00874726282589 0.998
0.00805490202659 0.9976
0.0102180825251 0.998
0.0101794118977 0.9972
0.0142005830975 0.9968
0.00796931097719 0.9972
0.00982607439307 0.9976
0.00816671280793 0.9984
0.0136411754334 0.9952
0.0145807506174 0.9964
0.012725147886 0.996
0.0115337541736 0.996
0.00958378424985 0.9984
0.0102342436498 0.998
0.0113453091365 0.9952
0.0144239879952 0.9964
0.0109702597122 0.9956
0.00741395972875 0.998
0.00479215689636 0.9988
0.00835891681974 0.9984
0.00779721057137 0.9976
0.0104319707953 0.9968
0.00837698836913 0.9976
0.0092074923091 0.9976
0.0109834183016 0.9984
0.0135295590967 0.9952
0.00921481562812 0.9976
0.00832474430609 0.9972
0.00762800180146 0.9984
0.0211716637718 0.9948
0.00949016381911 0.998
0.00838537635228 0.998
0.0136216438861 0.9956
0.00987749596646 0.9972
0.0173907596588 0.9956
0.00942420281908 0.998
0.00931671238851 0.998
0.00714130044801 0.9988
0.013574605972 0.9976
0.00948505327414 0.9972
0.0116551440769 0.996
0.0123530354078 0.9972
0.0067122517909 0.9988
0.0093085082937 0.9984
0.00696567280762 0.9992
0.00939407387901 0.9976
0.00916768791061 0.9976
0.0116122720217 0.9972
0.0109122037324 0.9964
0.0111801133302 0.9968
0.00959311465539 0.9968
0.00780295491296 0.998
0.0122915689846 0.9968
0.0129928843322 0.9956
0.00952816172418 0.9972
0.0155829294908 0.9956
0.0125578209258 0.9964
0.0108857194239 0.9964
0.0080639872248 0.9984
0.0121974513603 0.9968
0.0103926256474 0.9972
0.0126320298789 0.996
0.00773863293798 0.998
0.0125431578421 0.996
0.0106935554024 0.9964
0.00795393435506 0.998
0.0112613741224 0.9968
0.0110483989354 0.9976
0.0117314077673 0.9976
0.0102910373267 0.9976
0.0104763074106 0.9972
0.0127315869435 0.9968
0.0105659842089 0.9976
0.0117467977028 0.998
0.011873780197 0.9972
0.00821447934039 0.9972
0.00770565813377 0.9976
0.0128728160781 0.9968
0.0114651770539 0.996
