1.2282288392 0.6512
0.603204282709 0.8148
0.470588560341 0.8564
0.386622172083 0.87
0.34514458345 0.894
0.33305683975 0.8968
0.293684207876 0.9092
0.274146988383 0.9144
0.289244843968 0.916
0.233532258369 0.928
0.228217328738 0.9272
0.170660783234 0.9456
0.236132241872 0.9256
0.222951820558 0.9356
0.168031989064 0.952
0.20808393481 0.9404
0.186778359046 0.9412
0.216705797629 0.926
0.19263566696 0.9392
0.199995091921 0.9376
0.18278725194 0.9476
0.180701982002 0.9488
0.160099385387 0.9508
0.159582222908 0.9524
0.171275374355 0.9524
0.152444034206 0.9572
0.16205239963 0.9508
0.158984831989 0.95
0.125962862863 0.9596
0.143789935904 0.9576
0.137124618159 0.96
0.136336334986 0.9544
0.133596188909 0.9584
0.168514718589 0.9564
0.13376416314 0.9588
0.167468080796 0.958
0.152917550965 0.9576
0.157635396544 0.9528
0.131410265671 0.964
0.130214440923 0.9604
0.13029266878 0.9576
0.12318561146 0.9624
0.122792498515 0.9596
0.128479357808 0.966
0.121201049173 0.9628
0.132192964348 0.962
0.127505378417 0.9656
0.1309518659 0.96
0.125768145412 0.966
0.0971614875891 0.9724
0.094747977793 0.9684
0.125389862616 0.9616
0.111288655108 0.966
0.107794215219 0.9668
0.121992492179 0.9644
0.161457498829 0.9532
0.117878470417 0.964
0.0817156954615 0.9732
0.12197376753 0.9604
0.109009352897 0.9664
0.133766036516 0.9604
0.0939894064734 0.9676
0.0945575814672 0.9708
0.13171429355 0.9644
0.120870039611 0.9624
0.0974816799662 0.9708
0.117246492209 0.9644
0.11865422672 0.9652
0.118420288606 0.9676
0.111731840045 0.9656
0.0875975039601 0.9744
0.104869198881 0.966
0.0973890879156 0.9724
0.0909851241625 0.9724
0.104809255351 0.9688
0.109198683095 0.9664
0.104991539603 0.9656
0.1069497849 0.9656
0.0948227617436 0.972
0.101093267393 0.9688
0.112379985714 0.9684
0.0998238137748 0.9648
0.122628187105 0.9656
0.0988447032355 0.9724
0.0955739233791 0.9712
0.0965092792054 0.9716
0.0805270590915 0.97
0.0842039850954 0.9796
0.114669519455 0.9656
0.0962174915676 0.9724
0.0973046173438 0.97
0.0737903371463 0.9796
0.072181201752 0.9752
0.0978593345488 0.9688
0.0988732443892 0.972
0.107996281846 0.972
0.0981543540377 0.974
0.0931019159416 0.9728
0.0742059760704 0.978
0.102796837754 0.9692
0.0859461061856 0.9744
0.0814325463819 0.9716
0.102844424106 0.9716
0.0972003851006 0.9752
0.0727029703332 0.976
0.0838808778281 0.9724
0.101230807327 0.9712
0.0918298071558 0.9732
0.0813237620287 0.9792
0.101855505211 0.9684
0.0922115676346 0.9704
0.0904651751281 0.97
0.0771234237153 0.976
0.0818222002943 0.9772
0.115507426203 0.9684
0.0816960927872 0.9768
0.0754435415043 0.9748
0.0793602587985 0.9744
0.0779933784872 0.9768
0.0937491031395 0.9712
0.0816242862358 0.9748
0.0695102430974 0.982
0.0826230185676 0.9776
0.0998404252896 0.9704
0.0788974763622 0.9728
0.0740968803947 0.978
0.0857659483787 0.9744
0.0910646403959 0.972
0.102243506269 0.9716
0.0851048206852 0.9756
0.0745944823653 0.982
0.0967643612008 0.9712
0.0852875337395 0.9708
0.0855652966954 0.9748
0.079151454346 0.976
0.0680124377754 0.978
0.0729114483422 0.98
0.0819336570646 0.9732
0.077345469229 0.9748
0.0933471078866 0.974
0.0745809640485 0.9764
0.0817197866598 0.9736
0.0923759197165 0.9712
0.0777560367548 0.972
0.0818892067856 0.9784
0.0861031084512 0.9736
0.085659041117 0.9752
0.07661572566 0.974
0.0746642508337 0.9768
0.099823332769 0.9712
0.0600841219121 0.9824
0.0721392284017 0.9772
0.0593184920507 0.98
0.0853124257754 0.9748
0.0720934301068 0.9784
0.073655927689 0.9772
0.0815295985389 0.9748
0.0927986872401 0.9712
0.0791431781645 0.9736
0.061848084607 0.9808
0.0931665084902 0.9704
0.0675141666645 0.9752
0.0793543888571 0.9756
0.090784434768 0.9772
0.0891201329911 0.9768
0.0620403735743 0.9792
0.0753581661015 0.9748
0.0681103891717 0.9768
0.0728215423147 0.9772
0.0769073280585 0.9776
0.087096805034 0.9768
0.0635922320466 0.9776
0.0639681004973 0.9808
0.0711584780941 0.9776
0.0817102724354 0.974
0.080606467141 0.9792
0.0586004941683 0.9812
0.0736108209737 0.9748
0.0741712943276 0.9812
0.077061783709 0.9744
0.0664510495454 0.9776
0.0637164769378 0.9784
0.0878433018354 0.9732
0.0761173836328 0.98
0.075690497797 0.9784
0.0771315866867 0.9776
0.0602087915377 0.9808
0.0738372461028 0.9736
0.0888063466966 0.9748
0.0664552224064 0.9796
0.0751762605705 0.9736
0.0518859890278 0.9852
0.0672111857079 0.9776
0.0719525987638 0.9756
0.066307932099 0.9772
0.0739493931783 0.9752
0.0757319862112 0.9728
0.0646420993957 0.9804
0.069093783091 0.9776
0.0777694281491 0.976
0.0580852160167 0.98
0.102604168739 0.9708
0.0726817077859 0.9772
0.0688240892194 0.9788
0.0435471649136 0.9844
0.08230066985 0.9752
0.0855781283967 0.974
0.0697045090428 0.9764
0.0817905014945 0.978
0.051138320528 0.9848
0.0698254502859 0.9768
0.057552824419 0.982
0.0709930527425 0.9776
0.070984002896 0.9784
0.090813983136 0.9772
0.0690802124314 0.9792
0.0565529093328 0.9828
0.057351530895 0.9824
0.0567289008869 0.9812
0.080589834614 0.9768
0.0790064560708 0.978
0.0591517765663 0.9808
0.0701321319472 0.976
0.0573511198437 0.978
0.0702887060862 0.9772
0.0526509671714 0.9828
0.0841088142768 0.9764
0.0664789886446 0.9796
0.0767143200082 0.9828
0.0766236064752 0.9744
0.0707758685654 0.9776
0.0644902039573 0.982
0.0788417524354 0.9764
0.078329183248 0.9736
0.0650032504189 0.9768
0.0612822856101 0.982
0.0684389121343 0.9796
0.0670517811675 0.9816
0.0576292651332 0.9808
0.0623077031696 0.9796
0.0615942571283 0.9836
0.0915863150146 0.9728
0.0528684138909 0.9852
0.0635400381607 0.9788
0.0696555223803 0.9808
0.0681034335963 0.9772
0.0644494569621 0.9816
0.0624792904793 0.982
0.0618353469612 0.982
0.0535045997255 0.9844
0.0670858837325 0.9796
0.0758814867762 0.9756
0.0619159424183 0.978
0.0707365057711 0.9784
0.0581302464327 0.9788
0.0684887150664 0.9812
0.0577786888262 0.9824
0.0575638977755 0.9824
0.0705728188927 0.9764
0.0618291981117 0.9776
0.0634223743727 0.9776
0.0599128813587 0.982
0.0895191935825 0.9728
0.0622998542063 0.9788
0.062089369217 0.9792
0.0521328209485 0.9812
0.0575052425534 0.9828
0.0493731708912 0.9852
0.0669115018871 0.9768
0.0590919533447 0.9812
0.0707698221264 0.9752
0.0652690916819 0.9792
0.0840481295264 0.9752
0.0689971062587 0.982
0.0445247969947 0.9848
0.0473902122673 0.9868
0.0512077147635 0.9828
0.0621999605906 0.978
0.0712147437943 0.9792
0.0733358882842 0.9784
0.074120704814 0.9772
0.0577861438156 0.982
0.051625994397 0.9832
0.0759562879464 0.9784
0.0672835277038 0.9796
0.0699832692732 0.9796
0.0573877314596 0.982
0.0644724000355 0.9808
0.0517221083034 0.9808
0.0652835612966 0.9812
0.0567393745385 0.9832
0.0783404520181 0.9776
0.0675876446723 0.978
0.0411423838179 0.9872
0.0578025277843 0.9812
0.0574105628995 0.9792
0.0655496757721 0.9792
0.0579830137083 0.9808
0.064444573055 0.9796
0.0512684570278 0.9844
0.0643804350073 0.9792
0.076988853995 0.9736
0.0565068088259 0.9848
0.0554951441223 0.9828
0.0637080229784 0.9816
0.0603078769684 0.9812
0.0704889017999 0.9792
0.0703709013359 0.9768
0.0584868200924 0.9848
0.047735222518 0.9844
0.0666518397684 0.9772
0.0557165096797 0.9784
0.0642930445955 0.9784
0.0561383511411 0.98
0.0581943427169 0.9808
0.0566765206997 0.9856
0.0547402477887 0.9824
0.0632294997197 0.9816
0.060142907207 0.982
0.0626297813467 0.982
0.0597528634619 0.9808
0.0597473718348 0.98
0.0583483153686 0.982
0.0535578691284 0.9816
0.0557206162111 0.9832
0.0713244246466 0.9764
0.0589412770643 0.9768
0.0639879798344 0.9828
0.0576325014651 0.9836
0.075930101853 0.9784
0.059987516777 0.9808
0.0581971491538 0.9816
0.0641875775556 0.98
0.0504117288784 0.984
0.0544846750877 0.9804
0.04827847309 0.988
0.0614125854803 0.9792
0.0630205443672 0.9824
0.076170776392 0.9812
0.053097440648 0.9872
0.0540064089021 0.9868
0.0567207462389 0.98
0.0396544795396 0.9868
0.0592376627277 0.9772
0.0678986216341 0.9776
0.0453195084709 0.9852
0.0556239141009 0.9852
0.0417806899663 0.9876
0.0784864887638 0.9792
0.0686661909492 0.9764
0.0618290013633 0.98
0.0559737811361 0.9808
0.048806111066 0.9852
0.0608681348717 0.98
0.0580733571598 0.98
0.0540371163102 0.9816
0.0462023798338 0.9832
0.0570696924423 0.9824
0.0504175437171 0.984
0.0675848697979 0.978
0.0506143137975 0.9836
0.0501971630451 0.9848
0.0579694996073 0.9816
0.0688030759269 0.9772
0.0390986005039 0.9876
0.0503521436025 0.9868
0.06730116999 0.98
0.0609318276947 0.9824
0.0540760127275 0.9828
0.0615141502131 0.9804
0.062923770649 0.9832
0.047184677296 0.9844
0.0503121932574 0.9844
0.0473207709416 0.9848
0.0614919783146 0.9804
0.0779626553127 0.9784
0.0579236349033 0.982
0.0624222790208 0.9788
0.0555912707563 0.9808
0.0433026585231 0.984
0.0547049569986 0.982
0.0489351894731 0.9856
0.0620415505154 0.9808
0.0583297693744 0.982
0.0585515814759 0.9836
0.0528175011807 0.9816
0.0572743639847 0.9824
0.0547549418494 0.98
0.0556678212382 0.9872
0.0510288800666 0.9852
0.0669924248436 0.9792
0.0628851701782 0.9792
0.0522833666976 0.9844
0.0482295304923 0.9856
0.0571690335778 0.982
0.035770523337 0.986
0.0663137007726 0.9808
0.0635508415242 0.9824
0.043370469021 0.9856
0.0407632717308 0.9864
0.0483422820565 0.9832
0.0569337468599 0.9836
0.0543648583084 0.9844
0.0481532064241 0.9844
0.046769355988 0.984
0.0624609836705 0.9776
0.0554782283416 0.9828
0.0669543967242 0.9748
0.0415156275409 0.9864
0.0507731295826 0.9804
0.0429049519257 0.9864
0.0645157269233 0.982
0.0492709604031 0.9828
0.038396898529 0.9884
0.0543780461324 0.9824
0.0465420642603 0.9844
0.0593799851109 0.9832
0.0614426140682 0.98
0.0600325951097 0.9828
0.0575461816239 0.9836
0.0563271385508 0.9828
0.0483457414876 0.9832
0.0475466056407 0.986
0.0691301623485 0.9804
0.0389443878114 0.986
0.0654399018313 0.9792
0.0568511184503 0.9828
0.0600605765997 0.9844
0.0712831949887 0.9796
0.0527871731234 0.984
0.0432159312738 0.9876
0.0599132291195 0.9796
0.0483642621842 0.9876
0.0484110048534 0.9844
0.0562022273099 0.9816
0.0443057807365 0.988
0.0553284166233 0.9852
0.0510323713874 0.9832
0.0413200494965 0.9872
0.0754452649051 0.9796
0.0511543690263 0.984
0.047912174064 0.984
0.0617579116747 0.9816
0.0571550509605 0.9832
0.0460116254673 0.9848
0.0415003648845 0.9856
0.0653155448935 0.9784
0.0501044937461 0.984
0.0537455539383 0.9828
0.0515861404175 0.9824
0.0581501960424 0.9832
0.0454244561466 0.986
0.0627516248641 0.9812
0.0580247754503 0.9796
0.0487759159476 0.9844
0.0554685998412 0.9816
0.0433599938147 0.9868
0.0432229528263 0.984
0.0493418486968 0.9868
0.0465284725161 0.9844
0.0598299478934 0.9848
0.0465361542043 0.9844
0.0394434081839 0.9884
0.0522001546629 0.9824
0.0471588448754 0.9864
0.049931672953 0.984
0.0667566378713 0.9812
0.0492733403979 0.9836
0.0622550147417 0.982
0.0661270445834 0.9832
0.053543164043 0.9824
0.0558769336113 0.98
0.0533446011068 0.9828
0.0528559276036 0.9824
0.053214935967 0.9824
0.0502429588385 0.9832
0.0573980346162 0.9848
0.0546364733862 0.9812
0.0429563955988 0.9832
0.0486954793459 0.9836
0.0375315204134 0.988
0.0405215378444 0.988
0.044945689562 0.9868
0.0471167578954 0.984
0.054255010955 0.982
0.0500992213297 0.9844
0.0671485948548 0.9772
0.0568755824878 0.9828
0.045678195539 0.9868
0.0405474568018 0.9848
0.0499993654269 0.9824
0.0433937803495 0.9868
0.0640593183802 0.9804
0.0621871678008 0.9816
0.0466993568879 0.9852
0.0457927687214 0.9852
0.0713557850407 0.9788
0.0450618778269 0.986
0.0472686173654 0.988
0.0526324812671 0.982
0.0391917123101 0.988
0.0541858252748 0.982
0.0511396675203 0.9824
0.0592309368267 0.98
0.050045775082 0.9856
0.0440176378932 0.9868
0.0505191554869 0.9832
0.0448792545445 0.9836
0.0551139859809 0.9812
0.0552011048514 0.982
0.0476657692189 0.984
0.0475117751381 0.9844
0.0581795594867 0.9828
0.0437285717788 0.9848
0.0556678338924 0.9844
0.0553426103887 0.9828
0.054527380072 0.9836
0.0514963630813 0.9828
0.0511320484116 0.9856
0.0573649630936 0.9796
0.049437508678 0.9828
0.0386609984592 0.9888
0.0485412131011 0.9852
0.0406749507304 0.9876
0.0595001523658 0.9824
0.0394045532665 0.9868
0.0589771870242 0.9816
0.0539591523667 0.9824
0.0394459453341 0.9868
0.0425185115493 0.9872
0.0395022073216 0.9872
0.0375657598311 0.9872
0.0555949586732 0.984
0.0426108455251 0.988
0.0539253766505 0.9816
0.0578187821167 0.9804
0.0424454624484 0.9876
0.05926405044 0.9816
0.0435334729249 0.986
0.0459509418284 0.9876
0.0516646127709 0.984
0.0473706436688 0.986
0.0402489677801 0.9872
0.0567045177495 0.9852
0.0499565614239 0.9836
0.0670894299957 0.9832
0.0416291162489 0.9868
0.0463755738183 0.9864
0.0586871053622 0.9784
0.0522340015504 0.9856
0.0484556143124 0.9828
0.0567767471334 0.9808
0.0400726484212 0.9872
0.042967719835 0.984
0.0486311860028 0.9856
0.044815895306 0.9848
0.0661659419598 0.9832
0.0578402654049 0.9804
0.0372036436929 0.9876
0.0557441498255 0.9832
0.0428557574679 0.9864
0.0526823874268 0.9852
0.0469216949043 0.9856
0.0451394894459 0.9868
0.0601546187318 0.9824
0.0515655341186 0.9868
0.0562456257303 0.984
0.0642736877568 0.98
0.0327218371489 0.9908
0.0501528288973 0.9848
0.0496824808087 0.9836
0.0493614063864 0.9848
0.0463020315438 0.9848
0.0416250660424 0.9892
0.0464524335433 0.9844
0.0470759721469 0.9864
0.0393922698136 0.9868
0.0454635066588 0.9828
0.0490737716721 0.9844
0.0470396800512 0.9828
0.0519525582351 0.9868
0.0406752132697 0.9888
0.0537084627712 0.9808
0.0575000417813 0.9824
0.0581353658629 0.982
0.0410162847721 0.9876
0.0340271179811 0.9904
0.0467464424336 0.9844
0.0394211374242 0.9876
0.03451465727 0.9888
0.0555279231862 0.982
0.0479767449503 0.9876
0.057052903733 0.9824
0.0460115178207 0.9852
0.052233234235 0.984
0.0437018280799 0.9848
0.0539287558061 0.984
0.0549263248436 0.9804
0.0546336900018 0.9816
0.0430492536892 0.9856
0.0428975623041 0.9856
0.0311930772425 0.9892
0.0531721080577 0.9832
0.0451240743734 0.9836
0.0525046362502 0.9856
0.0471299813701 0.9864
0.0544072924136 0.982
0.0454556423917 0.9848
0.0384784759667 0.9892
0.0426139629747 0.9884
0.0490820945223 0.984
0.0535479692859 0.9812
0.0432367105191 0.9852
0.0581330463081 0.9824
0.0420300965209 0.986
0.0418719027067 0.9852
0.0463645699987 0.9852
0.0528614866106 0.984
0.0402955727593 0.986
0.0541936297466 0.9836
0.0524500762588 0.9844
0.0413255552969 0.9872
0.0551397893345 0.9844
0.0638994434968 0.9804
0.0386521705884 0.9904
0.0511984591013 0.9816
0.0425731158497 0.9872
0.0458623980118 0.9876
0.0400180037167 0.986
0.0477369067312 0.9844
0.0517741175218 0.98
0.0344741037033 0.9872
0.0379711900174 0.988
0.0476435049498 0.9832
0.0416588489258 0.9872
0.0422487282455 0.986
0.0411835112842 0.9872
0.0534528008331 0.984
0.0616004114804 0.9804
0.0518950896989 0.9812
0.0386210561239 0.9884
0.0547558318863 0.984
0.0478293173699 0.9856
0.0498459690114 0.9856
0.0445548909988 0.9872
0.0509024354911 0.9832
0.0459785685451 0.9848
0.0567630974388 0.9864
0.0405999645666 0.9876
0.035797803053 0.9884
0.0412723952371 0.988
0.0458390551329 0.9884
0.036863345816 0.9888
0.0434848104786 0.9836
0.0459034955545 0.9824
0.0492013035589 0.9848
0.0568039677468 0.9844
0.0544692833855 0.9828
0.04623290387 0.9832
0.0358767440789 0.9876
0.0361859857446 0.9868
0.0442414962055 0.9876
0.0636944681487 0.9792
0.0475060866793 0.9856
0.043310702954 0.9852
0.0511146636286 0.982
0.0400684853308 0.9876
0.0433914483592 0.9864
0.0411000519398 0.9888
0.0410272045413 0.9836
0.0531282217994 0.9864
0.0639978530244 0.9804
0.043922022794 0.9828
0.0414852985628 0.988
0.0506930523986 0.9852
0.0434550264148 0.9864
0.0460434552517 0.984
0.0337418765104 0.99
0.0406366990902 0.9872
0.0432764246665 0.9892
0.0490443558168 0.986
0.0457798429198 0.984
0.0386407731497 0.9872
0.0408878522 0.9868
0.0336953656834 0.9912
0.0539411885972 0.982
0.0448620321549 0.986
0.0583862461652 0.9852
0.0524338541677 0.9848
0.0592360003009 0.9832
0.0532858576066 0.9824
0.0414932011495 0.9852
0.0445474814032 0.9852
0.0423320573006 0.9888
0.044974100254 0.9852
0.0499218105635 0.982
0.0386276238789 0.9896
0.0446613926669 0.9872
0.0363366310645 0.9904
0.0368157578945 0.9876
0.0512218622184 0.9852
0.0501606047782 0.9836
0.0495071836712 0.9852
0.0602761940279 0.9824
0.0500545753036 0.986
0.0352094154503 0.9892
0.0289945712992 0.9904
0.0465586333324 0.9832
0.0416326425964 0.9856
0.0547195269374 0.98
0.041682655105 0.9876
0.0468011924393 0.9864
0.0426438708189 0.9864
0.0667416166353 0.9792
0.042506613928 0.9852
0.0277013495705 0.9904
0.0508628301697 0.9864
0.043924281637 0.9848
0.0460080981931 0.9848
0.0462920684809 0.9852
