11.2862963906 0.252
1.83937187349 0.5
1.39966254663 0.59
1.11988711224 0.65
0.927252917991 0.716
0.870662051462 0.756
0.74737606865 0.79
0.755498444576 0.774
0.596443960055 0.83
0.70469980047 0.766
0.571634540089 0.822
0.583125005823 0.812
0.457559731536 0.856
0.437095297841 0.856
0.442970789222 0.858
0.381782072197 0.898
0.442867903282 0.86
0.346305817319 0.894
0.420689107507 0.884
0.355973463941 0.882
0.346787453978 0.892
0.362186997272 0.886
0.326095729896 0.904
0.3718790064 0.884
0.264594899927 0.91
0.270271576383 0.916
0.31399770459 0.912
0.23640078442 0.932
0.270545776305 0.914
0.321893846494 0.9
0.331990970018 0.892
0.287843123601 0.92
0.274408462395 0.918
0.264863894494 0.928
0.316650624315 0.908
0.353771632399 0.904
0.397621667528 0.88
0.336202829873 0.91
0.270898369097 0.926
0.194813019926 0.932
0.262984918712 0.912
0.301475322314 0.914
0.282543802322 0.924
0.29215727405 0.91
0.247734778073 0.936
0.252332501129 0.914
0.160628522121 0.952
0.204872872104 0.948
0.205615603762 0.92
0.262868020288 0.922
0.263653509358 0.924
0.255672484081 0.926
0.270268382432 0.932
0.233927691767 0.932
0.194829155574 0.936
0.273705173322 0.91
0.288425606197 0.91
0.177528942035 0.946
0.195935693815 0.924
0.211437635671 0.934
0.266262877278 0.928
0.246677103334 0.938
0.196884637756 0.94
0.284148292698 0.918
0.167205361372 0.946
0.174373207339 0.954
0.170166943557 0.936
0.259329891181 0.93
0.163335036986 0.952
0.168099942729 0.946
0.14945880435 0.952
0.206936728719 0.94
0.178372149967 0.94
0.18306418242 0.928
0.187828321532 0.94
0.192229797806 0.934
0.136287034276 0.96
0.177759279554 0.946
0.218107262533 0.94
0.207704449135 0.932
0.244611411613 0.932
0.155861613454 0.956
0.216256114453 0.94
0.244309154624 0.942
0.175690402078 0.942
0.191422657309 0.944
0.286479755559 0.926
0.161685827545 0.952
0.16709660112 0.946
0.165796346993 0.936
0.235933786499 0.932
0.202693794921 0.934
0.177465302097 0.954
0.164510419161 0.934
0.185051346574 0.938
0.210254360463 0.936
0.186860712713 0.948
0.155022799877 0.944
0.162712980273 0.94
0.21910030522 0.934
0.14876716401 0.948
0.194682773955 0.93
0.143542505223 0.96
0.127227765036 0.966
0.148586235071 0.956
0.139795660303 0.96
0.213770449685 0.944
0.154984000107 0.942
0.201125228183 0.95
0.200032285219 0.946
0.199209329778 0.944
0.163109920034 0.952
0.159821153372 0.948
0.130886786389 0.956
0.152908656835 0.94
0.142490528124 0.962
0.191692672125 0.954
0.176233234843 0.95
0.213577318833 0.95
0.1634528597 0.952
0.203681471807 0.944
0.14856111682 0.954
0.210306434426 0.936
0.166727104336 0.952
0.190592017648 0.95
0.196703444001 0.946
0.257514167795 0.93
0.173608542312 0.94
0.118725257326 0.96
0.192718743727 0.95
0.198456044031 0.934
0.137501229021 0.964
0.21158573648 0.934
0.142611765004 0.958
0.159317322071 0.94
0.174134247819 0.95
0.11194591824 0.96
0.155542110149 0.952
0.125882625685 0.966
0.157681479507 0.95
0.103277634095 0.972
0.115666838969 0.96
0.132659794987 0.95
0.0815570635331 0.97
0.148313380291 0.958
0.147979893013 0.944
0.144665658735 0.948
0.19841947999 0.938
0.136985071142 0.964
0.216627792148 0.948
0.143902885686 0.962
0.201118034445 0.936
0.224688650704 0.93
0.155993285544 0.95
0.182019354521 0.938
0.148774812918 0.948
0.165147251108 0.946
0.189462086598 0.95
0.169699634034 0.954
0.167287082572 0.946
0.175157024927 0.942
0.119997289041 0.958
0.146914011064 0.96
0.139070997853 0.948
0.151030162563 0.964
0.14624564151 0.954
0.115163590225 0.944
0.162822839948 0.954
0.156114301758 0.944
0.191821403721 0.95
0.177429994931 0.95
0.111065820462 0.956
0.17753559018 0.948
0.147247396441 0.958
0.169611484632 0.948
0.143752321545 0.962
0.0843187495664 0.974
0.139625140068 0.962
0.151675445105 0.958
0.20038159402 0.948
0.213676842713 0.954
0.145632961019 0.966
0.18590514474 0.948
0.156291913944 0.948
0.147911847605 0.958
0.119624342084 0.966
0.121722136785 0.968
0.161345316817 0.952
0.148310590113 0.95
0.15094379212 0.956
0.12328919125 0.966
0.141373397512 0.946
0.107011087279 0.968
0.169811251571 0.944
0.177546982951 0.956
0.173282086213 0.944
0.120533414724 0.972
0.150910027715 0.95
0.116658634183 0.956
0.0994412823507 0.974
0.189324519834 0.95
0.143408436394 0.944
0.152337653002 0.952
0.160294367083 0.948
0.210842635919 0.952
0.185846587398 0.958
0.129683771448 0.956
0.0839748298359 0.976
0.102173726391 0.966
0.117053932798 0.966
0.0992070566087 0.968
0.15529078458 0.966
0.0896332474923 0.968
0.135463810172 0.96
0.119667213819 0.966
0.113415431641 0.96
0.175087733089 0.956
0.108038781671 0.974
0.0629494574574 0.984
0.0963590897576 0.97
0.0959311170241 0.972
0.103548742426 0.97
0.186471002982 0.962
0.137134525503 0.958
0.134494788927 0.952
0.198820950547 0.924
0.129184919774 0.962
0.161005677479 0.954
0.139897939235 0.952
0.0969506524024 0.966
0.130097020836 0.954
0.127763504409 0.96
0.138976754486 0.95
0.0873331239997 0.976
0.136324834945 0.956
0.132808850161 0.96
0.10490847063 0.968
0.110926493372 0.956
0.115364118549 0.958
0.122843871139 0.966
0.130324093719 0.96
0.145182402015 0.934
0.165546771348 0.952
0.151980234979 0.952
0.160979748291 0.95
0.0885000812348 0.972
0.100781954449 0.962
0.130945756537 0.956
0.118365636788 0.968
0.199105953226 0.942
0.12268069589 0.966
0.109041913825 0.968
0.117806089478 0.968
0.118457566227 0.966
0.113188314418 0.966
0.126246530522 0.956
0.16739248684 0.964
0.101434776983 0.97
0.0834241321615 0.972
0.124011167362 0.958
0.144546645628 0.956
0.174260599168 0.952
0.132794923098 0.962
0.169089367066 0.952
0.125839735729 0.964
0.149371158747 0.948
0.195801680583 0.958
0.129738080101 0.954
0.171313145141 0.96
0.111207480069 0.972
0.181590164742 0.946
0.10829080855 0.968
0.134626173106 0.958
0.0897785408783 0.974
0.126913715528 0.966
0.0847815565597 0.976
0.139079008501 0.952
0.135795044745 0.962
0.127093747518 0.962
0.0963563428443 0.974
0.161448462724 0.952
0.123571317235 0.96
0.174914096626 0.948
0.10428682785 0.958
0.0919096000923 0.97
0.136964276644 0.954
0.111013726297 0.97
0.120026636319 0.962
0.083036703278 0.972
0.141073420203 0.948
0.0764504336859 0.974
0.186179149131 0.95
0.139358444238 0.964
0.102470356082 0.97
0.0820410577125 0.966
0.0819197873026 0.976
0.0945435743806 0.97
0.118658796883 0.964
0.09245285806 0.98
0.101502893969 0.964
0.101153749301 0.978
0.11398832244 0.968
0.140170779349 0.962
0.219056933402 0.936
0.151719106652 0.958
0.123018303427 0.954
0.0921641556391 0.97
0.0886594236945 0.974
0.172950003333 0.948
0.154814323066 0.952
0.126236840146 0.956
0.145501110548 0.96
0.0840696258221 0.972
0.194431789834 0.958
0.130411146392 0.958
0.104945173494 0.974
0.105033167716 0.958
0.12438073142 0.97
0.121794182041 0.96
0.139535903652 0.952
0.124170706337 0.962
0.109182919043 0.962
0.103182587003 0.962
0.135035645218 0.96
0.0680694712308 0.978
0.127769024772 0.958
0.107034968212 0.964
0.116194826974 0.97
0.101911710632 0.97
0.0979726195613 0.96
0.150033465358 0.956
0.080356440368 0.978
0.112387918312 0.966
0.106271081083 0.974
0.115962895108 0.964
0.114130202193 0.956
0.149120682565 0.96
0.0993005116794 0.968
0.172642521861 0.968
0.111337894507 0.968
0.141361863489 0.958
0.128900120947 0.956
0.121170542014 0.96
0.128891158948 0.968
0.121151572096 0.966
0.124803544981 0.96
0.118706308846 0.96
0.118953554623 0.968
0.0983021498236 0.972
0.0790074521163 0.97
0.164368086138 0.954
0.117987652759 0.966
0.0906965791188 0.97
0.0928047243433 0.964
0.0740259483888 0.984
0.104358638045 0.97
0.106675423352 0.97
0.108895771078 0.968
0.090798800085 0.972
0.123635783585 0.962
0.0898158519821 0.966
0.0962673160898 0.972
0.0607138314913 0.986
0.0669922884632 0.98
0.138247532289 0.952
0.16289344729 0.97
0.099317619097 0.968
0.0927030621627 0.974
0.0885860889997 0.972
0.11277300569 0.966
0.123254186974 0.964
0.125972697571 0.956
0.134560691573 0.96
0.0874104970089 0.966
0.0844288815647 0.974
0.117590610769 0.966
0.132619866789 0.964
0.113966774613 0.954
0.132356041122 0.95
0.0731070480749 0.97
0.0872717871935 0.976
0.0856346818147 0.976
0.0880903785492 0.978
0.083499749882 0.972
0.0800731592418 0.97
0.0854909137851 0.978
0.163618279009 0.954
0.144421622345 0.96
0.101092190395 0.976
0.102205574843 0.972
0.126301101887 0.966
0.145437209396 0.964
0.127778550001 0.964
0.140419024422 0.952
0.155673548057 0.95
0.139089734847 0.964
0.108295141311 0.968
0.157640330543 0.952
0.0653385850054 0.982
0.159782911152 0.952
0.124774523886 0.97
0.204691364256 0.946
0.108159377766 0.958
0.104499489529 0.972
0.115213905489 0.964
0.136308080587 0.958
0.10220377833 0.962
0.171325510906 0.942
0.140333229543 0.96
0.113730392052 0.97
0.147626617621 0.966
0.180437600996 0.956
0.0887191192399 0.974
0.0829850232182 0.974
0.110411009275 0.97
0.118111296112 0.966
0.0872916287458 0.972
0.113024224918 0.962
0.178842443393 0.958
0.107680795085 0.966
0.0673445280401 0.976
0.0827414830241 0.976
0.082026634078 0.97
0.0629251561517 0.978
0.0978118377629 0.964
0.0912347170136 0.972
0.133753756241 0.958
0.0607672871406 0.978
0.152050325303 0.96
0.0927646837719 0.96
0.08699487469 0.978
0.0765732626908 0.972
0.141901785677 0.962
0.0694011749329 0.98
0.133266532483 0.962
0.07604520765 0.974
0.120867632091 0.97
0.109080000641 0.972
0.117587198196 0.96
0.0910386278415 0.97
0.0903271481988 0.968
0.105426605677 0.964
0.112564908333 0.964
0.0939423189706 0.966
0.106658486479 0.968
0.102108453566 0.96
0.0741305423787 0.974
0.11586389393 0.964
0.0595037657479 0.98
0.0922642745438 0.976
0.0854058870431 0.976
0.155368853826 0.95
0.103609691959 0.966
0.13373606379 0.966
0.0657469583485 0.984
0.0812950699236 0.97
0.0894060139871 0.974
0.0996045010519 0.968
0.141630436053 0.954
0.0700085926375 0.98
0.107917908504 0.962
0.110943983497 0.966
0.0836591392938 0.974
0.147281172604 0.964
0.0815772322181 0.964
0.132772356047 0.96
0.0909951565224 0.97
0.084177753524 0.978
0.160455965881 0.958
0.142696083418 0.962
0.0748291176998 0.976
0.0891211952224 0.968
0.122632312533 0.966
0.061019108278 0.974
0.110882270013 0.964
0.180299372313 0.942
0.129781741639 0.966
0.119836995738 0.962
0.181158463378 0.948
0.140463394356 0.972
0.114993800008 0.968
0.116530621972 0.97
0.12748572295 0.954
0.0966846227022 0.964
0.121485757847 0.966
0.119654965721 0.964
0.0800777988722 0.972
0.109140257519 0.96
0.0778727508466 0.974
0.0945788182278 0.974
0.0730806397446 0.98
0.132668088018 0.956
0.127916906462 0.96
0.128395681682 0.982
0.137533347422 0.962
0.10642122064 0.964
0.105181904987 0.974
0.139755610965 0.964
0.0919330677657 0.966
0.0911657304166 0.97
0.0665581413334 0.978
0.0799020563232 0.974
0.107120573679 0.976
0.0807192021569 0.98
0.0729048399185 0.978
0.104916258494 0.964
0.0956800922103 0.97
0.0685499515233 0.98
0.109792942501 0.96
0.153989937823 0.95
0.0975636305471 0.98
0.062924763476 0.984
0.165407331393 0.96
0.0675247598063 0.978
0.166406351303 0.956
0.0946677796372 0.962
0.102060209648 0.968
0.0946666566011 0.968
0.092224804301 0.978
0.116610426219 0.964
0.0692204854261 0.976
0.0911437489898 0.97
0.0920190221828 0.97
0.101352927596 0.97
0.107905505603 0.966
0.140774070641 0.964
0.108481637629 0.956
0.124573427081 0.958
0.0955758327545 0.976
0.0987084019558 0.966
0.0964765547254 0.968
0.123883669315 0.956
0.151853960661 0.956
0.0706049869983 0.978
0.179005834608 0.956
0.069739420919 0.978
0.0964000400529 0.972
0.0738879703997 0.972
0.101411309103 0.962
0.0695934132849 0.968
0.0872893285368 0.974
0.0522753275925 0.982
0.152350849634 0.948
0.117097429896 0.962
0.0779361902833 0.98
0.0705867464187 0.978
0.0875731811285 0.974
0.0636105369235 0.976
0.0906114278314 0.974
0.160066193729 0.95
0.0860675420401 0.98
0.0841596020256 0.97
0.121240974045 0.962
0.144629249504 0.954
0.081703866969 0.98
0.131179497897 0.962
0.0937353674638 0.974
0.118657298616 0.968
0.0849289123311 0.974
0.0874597638069 0.972
0.155010739271 0.954
0.100638954452 0.974
0.0955228601787 0.964
0.111215481427 0.962
0.0899443231174 0.966
0.0720073446704 0.978
0.0944631534109 0.964
0.068213335842 0.978
0.0827129002997 0.972
0.100086405556 0.974
0.121044157255 0.968
0.100560650354 0.968
0.125352116319 0.972
0.0955025456006 0.97
0.0866078379863 0.974
0.165596643079 0.958
0.137352543605 0.958
0.107445204796 0.968
0.0712947112257 0.976
0.100821303132 0.962
0.0776890244055 0.982
0.0592544524218 0.978
0.0805788446974 0.98
0.0562502308586 0.978
0.0910535113372 0.968
0.0922236247793 0.962
0.0624472404241 0.976
0.108973814819 0.964
0.10430922662 0.966
0.105785656938 0.966
0.0609154901637 0.976
0.0927652297464 0.97
0.0851717955226 0.97
0.0980459516924 0.97
0.130237753174 0.968
0.104395180455 0.966
0.141511468361 0.962
0.0902749100196 0.978
0.0766404825519 0.97
0.0924418393653 0.972
0.112884469415 0.966
0.100815509237 0.966
0.110185338787 0.968
0.105980623398 0.964
0.0487664554582 0.984
0.141428274056 0.95
0.115377527824 0.964
0.0897128848459 0.976
0.101355515743 0.964
0.132042385476 0.968
0.0526024926801 0.984
0.0972989338751 0.976
0.0813434118781 0.966
0.0998046710989 0.97
0.0819201629859 0.966
0.0816133862979 0.978
0.11400562297 0.952
0.0483796665403 0.984
0.12144511252 0.968
0.0750241081481 0.972
0.112704342966 0.97
0.111614994542 0.96
0.0922136333469 0.976
0.0761656990625 0.976
0.0872385221017 0.976
0.0709553415882 0.978
0.0523034282648 0.98
0.0934419698965 0.968
0.0882893052496 0.972
0.103881127549 0.964
0.0877418124939 0.97
0.104145989336 0.96
0.110919228511 0.966
0.118004319191 0.968
0.0864382470677 0.972
0.0869858883284 0.974
0.0864087350873 0.976
0.112187603671 0.968
0.101746729544 0.966
0.076048349553 0.974
0.0841707616611 0.976
0.080318695899 0.98
0.0910427126604 0.974
0.108063272264 0.968
0.119789925191 0.964
0.0758780481015 0.978
0.0961576510086 0.97
0.0651678615379 0.98
0.0503681156347 0.984
0.08114760288 0.97
0.122694730245 0.97
0.0654433453379 0.974
0.105969253348 0.966
0.114710983015 0.96
0.131316158098 0.968
0.111148510762 0.972
0.104519565709 0.962
0.096716233476 0.976
0.103934355794 0.968
0.0962785477411 0.97
0.0775371046785 0.968
0.0817437749969 0.97
0.148105946919 0.958
0.0718315520457 0.972
0.137743500575 0.968
0.0863614983989 0.97
0.0633843274355 0.978
0.143345603195 0.956
0.103162467687 0.974
0.0926055133448 0.972
0.109142448144 0.974
0.12464749132 0.966
0.0915405884201 0.972
0.0690456018221 0.98
0.149846874933 0.96
0.0700299931525 0.972
0.0702672553601 0.978
0.0836321825996 0.972
0.0715201771658 0.97
0.0615317190222 0.98
0.107671802757 0.968
0.0610442459622 0.978
0.107343873357 0.966
0.118354016709 0.968
0.0706902772159 0.978
0.114178784871 0.966
0.0968512824582 0.976
0.122365131218 0.96
0.116339144927 0.97
0.136977566079 0.954
0.105122421524 0.97
0.116193302612 0.968
0.0507259001127 0.986
0.152374093499 0.952
0.0768027479068 0.982
0.129777183395 0.944
0.075228920018 0.976
0.0595952836873 0.974
0.135738173402 0.962
0.0763166367458 0.982
0.0714817645767 0.976
0.105048608337 0.974
0.135824453498 0.962
0.09483530678 0.956
0.118172773752 0.964
0.0789306446054 0.972
0.0693107097158 0.978
0.103244859986 0.966
0.0541347402361 0.976
0.077085679864 0.982
0.0902534854935 0.974
0.0808526346577 0.972
0.0810604555167 0.972
0.0896860452003 0.978
0.100847341567 0.964
0.0999324805498 0.972
0.103928255349 0.966
0.0872284773015 0.97
0.0705051623937 0.974
0.082835214767 0.976
0.101809664257 0.97
0.0541546633881 0.988
0.0693909099023 0.972
0.118726148162 0.962
0.0820491046642 0.972
0.0682046602588 0.976
0.114688467119 0.96
0.074717370166 0.976
0.0706680325137 0.984
0.072208867518 0.976
0.139280576971 0.96
0.0823167580236 0.974
0.068910111074 0.978
0.0817907012093 0.974
0.113202158881 0.972
0.0624978842218 0.984
0.0821629745612 0.97
0.14443286801 0.964
0.10060205741 0.97
0.0990114644598 0.974
0.103169684623 0.976
0.0679540937744 0.98
0.0494306792733 0.98
0.0500492659441 0.986
0.0921987089212 0.978
0.0868487780029 0.964
0.112204624576 0.962
0.062344526251 0.982
0.0869831798774 0.98
0.0746532363435 0.972
0.134799219909 0.96
0.109243751839 0.966
0.0775941383396 0.972
0.0794062183508 0.978
0.145199277508 0.962
0.0659759580216 0.98
0.112180054434 0.968
0.0567443839537 0.976
