1.78064903303 0.5144
0.695631422005 0.7912
0.487118408285 0.846
0.398144924511 0.8704
0.331166878541 0.8952
0.325446272362 0.8992
0.278788794021 0.9112
0.275652012203 0.9152
0.240177022186 0.9244
0.25849477675 0.9216
0.22887470202 0.9272
0.216404952155 0.9352
0.220940253196 0.9344
0.190784872068 0.9392
0.212703738499 0.9348
0.194463601448 0.942
0.197353581114 0.9412
0.183878162501 0.9408
0.187063634616 0.9372
0.197233056627 0.9392
0.18428033509 0.946
0.146005681652 0.9544
0.173267688243 0.9448
0.164624882995 0.9472
0.153498307808 0.9528
0.167576162855 0.9468
0.155029939614 0.9584
0.143115555557 0.952
0.162239701888 0.9524
0.146327593967 0.9532
0.142393334643 0.9572
0.149794851782 0.9544
0.146826913321 0.9548
0.130120777838 0.9632
0.108758257196 0.9708
0.116878923125 0.9656
0.133675273526 0.9616
0.137943228038 0.9572
0.131211039082 0.9568
0.115198944151 0.9688
0.12326893974 0.96
0.119756453033 0.9584
0.143899367323 0.954
0.145611146974 0.9532
0.123046201223 0.962
0.133141316311 0.9624
0.129433018632 0.9612
0.135963398311 0.9584
0.0974796388602 0.9704
0.123402896268 0.9576
0.130415410859 0.9616
0.112539623576 0.968
0.107987090468 0.9664
0.117610930234 0.9604
0.0942238513337 0.972
0.117209394567 0.9644
0.138519809145 0.9568
0.115860767322 0.96
0.114657670643 0.9688
0.133055520854 0.9592
0.119993108504 0.9636
0.109517573193 0.9676
0.101645904688 0.9676
0.0996581763807 0.9688
0.103690155154 0.964
0.103759150059 0.9668
0.103423291962 0.9684
0.0988120938173 0.9732
0.10338769881 0.9712
0.0971859159784 0.97
0.101800970311 0.968
0.104931059942 0.97
0.0855649019265 0.9736
0.121006965446 0.9624
0.102326210626 0.9644
0.080829266695 0.9744
0.101261567494 0.9704
0.0859739699857 0.9732
0.105303746711 0.9684
0.073318264115 0.9776
0.0983961808033 0.974
0.100550532281 0.972
0.0986214655999 0.9676
0.114378249268 0.9688
0.0940882637242 0.9716
0.097623729234 0.9684
0.100147617127 0.9708
0.107444575629 0.9632
0.0887501986631 0.9728
0.113372000166 0.9628
0.0955636199106 0.9732
0.0984665481692 0.9692
0.0841078991321 0.972
0.0834676940918 0.9736
0.0934123919024 0.9728
0.0884983885405 0.9732
0.0871052971705 0.9792
0.0944482288742 0.972
0.0843129808319 0.9748
0.0930668204628 0.97
0.0868071123351 0.978
0.0839844963293 0.974
0.0805016497955 0.9744
0.0881268194573 0.9764
0.0751445065088 0.9776
0.0829796462431 0.9772
0.0747513241988 0.978
0.0799004928781 0.9764
0.0900363536043 0.9704
0.0932357588255 0.9732
0.0893813411665 0.9764
0.0804941903107 0.974
0.109245518818 0.968
0.0869363535171 0.9724
0.0836048314421 0.972
0.0996846039791 0.9712
0.0805539799079 0.976
0.0948949824056 0.9736
0.0817981123973 0.974
0.095152832957 0.97
0.0757995930345 0.9796
0.0823023473442 0.9748
0.0768686485528 0.9752
0.0849583596384 0.9736
0.0811219062716 0.974
0.0962862506703 0.9712
0.104331198648 0.9688
0.0777028595042 0.978
0.0745965154491 0.9728
0.0892847108418 0.9748
0.0720285690238 0.9796
0.0739474949806 0.978
0.071673007168 0.976
0.0779125048354 0.976
0.0733987916023 0.9784
0.0715990341478 0.9752
0.0805741406693 0.9764
0.0746356044821 0.978
0.0783136505026 0.976
0.0745316614554 0.9788
0.0885359332215 0.9732
0.0938032657603 0.9736
0.0853934424763 0.972
0.0760671645048 0.978
0.0754638789929 0.9788
0.0787729062659 0.9768
0.0792919451762 0.9768
0.068860789421 0.9808
0.0714935506082 0.9788
0.0712587488088 0.9788
0.0900219834667 0.9696
0.0923805664056 0.9708
0.0697770013828 0.9812
0.0873900707285 0.9748
0.080373099601 0.976
0.0755688344794 0.9764
0.0754774307057 0.9748
0.0620175316143 0.9808
0.0785543512553 0.9768
0.0725066194105 0.9784
0.0592857970113 0.9808
0.0696940462123 0.978
0.0710542983804 0.9776
0.0926110426278 0.9744
0.0884424292574 0.9736
0.080017260825 0.9772
0.0746086019802 0.9764
0.0664509595959 0.982
0.0727851766477 0.9784
0.0727998802876 0.9744
0.0700890294039 0.9748
0.0877322193837 0.9736
0.0635179199764 0.9812
0.0823773336253 0.9788
0.0686149578336 0.9824
0.0654131971886 0.982
0.0630557686145 0.9768
0.072331709993 0.9784
0.0591480416747 0.9784
0.0724816715663 0.9772
0.0743762348465 0.9776
0.0731311582035 0.9784
0.0851482268055 0.974
0.084710603891 0.97
0.072408179466 0.9768
0.0728126093097 0.9776
0.0687224312772 0.9808
0.0691400726667 0.9776
0.0718957206494 0.9804
0.0671437930605 0.9764
0.0841356315769 0.9752
0.0926330729312 0.9748
0.0551523193506 0.984
0.053210888824 0.984
0.0689231524822 0.9784
0.0751331477867 0.9788
0.0669979911412 0.98
0.0821604976595 0.9744
0.0666815546813 0.98
0.0689500869176 0.9772
0.082594616892 0.9748
0.0653327215221 0.9792
0.0762977174336 0.9772
0.0650634236823 0.9828
0.0626471936041 0.9788
0.089611158813 0.9732
0.0776899268313 0.9784
0.0665559203889 0.9808
0.0687185876947 0.9796
0.079683966055 0.9764
0.0695085840309 0.9804
0.0624319039136 0.9828
0.0727630321853 0.978
0.0834564480066 0.9784
0.0648454368743 0.9816
0.069774395871 0.9804
0.0654374251089 0.9812
0.0787183669065 0.9788
0.0759290189364 0.9768
0.0762876084441 0.9764
0.0676123471838 0.9808
0.08225019914 0.9752
0.059315593028 0.9828
0.0649852907352 0.9824
0.0776617393938 0.9768
0.066089365248 0.982
0.0791658166191 0.978
0.0607968965827 0.9824
0.0643420795659 0.9816
0.0689777189494 0.98
0.0700293960254 0.9788
0.0597253190724 0.9832
0.0637278682013 0.9796
0.0769132091413 0.9792
0.0683370157796 0.9792
0.0732077069146 0.9784
0.0648842306091 0.9808
0.0659458211137 0.9784
0.0729360538661 0.9792
0.0586044678273 0.9832
0.0607755323919 0.9832
0.0569550046279 0.9828
0.0679532225421 0.9788
0.0636971176335 0.9808
0.0540812565982 0.9836
0.0705561112987 0.9788
0.0697876891039 0.976
0.0713193980704 0.9776
0.0613799683698 0.9844
0.0628032319185 0.9844
0.0711120978448 0.9796
0.0597052107726 0.9832
0.0726347725197 0.9784
0.0652286685349 0.9836
0.0752694714925 0.9748
0.0755090918853 0.9764
0.0691109958548 0.9792
0.0645804080738 0.982
0.0582418114394 0.9816
0.0638771023168 0.9804
0.0826158340761 0.976
0.0684032436071 0.9796
0.0747362580893 0.9752
0.0658420215451 0.982
0.0628517033232 0.9788
0.0752103501467 0.9804
0.0643552304974 0.9772
0.0732516517945 0.9776
0.0708008456927 0.9808
0.0741137006623 0.9792
0.0736164015822 0.9772
0.0678891194765 0.9788
0.063855092134 0.9844
0.068498007476 0.9828
0.0528154791017 0.9848
0.0544272305407 0.9844
0.0641650922766 0.9844
0.054615238062 0.9856
0.0696454073552 0.9756
0.0632359103902 0.9832
0.0634268057963 0.98
0.0774731526277 0.9788
0.0668982163685 0.9808
0.0713292072406 0.9804
0.0595828596574 0.9784
0.0608815770937 0.9812
0.0528311232292 0.9828
0.0645997717559 0.9816
0.053511622754 0.9832
0.0624967699888 0.9808
0.061180562169 0.9836
0.0531380696967 0.9828
0.0705000027978 0.9808
0.0636417440956 0.978
0.0713333300321 0.9804
0.0687639922742 0.9808
0.0632716978453 0.982
0.059205281024 0.9808
0.0563545944837 0.982
0.0698522598493 0.9776
0.0629680783652 0.98
0.0692164964548 0.9824
0.0714434317797 0.978
0.0561243180589 0.9844
0.0668413288639 0.9784
0.0702432576442 0.9788
0.0766536814597 0.982
0.0599306713425 0.9836
0.0701250023477 0.9804
0.073861386275 0.9776
0.0602855563539 0.98
0.0657034918292 0.9844
0.0764569475775 0.9752
0.0651885459226 0.984
0.0670000435852 0.9796
0.0727290684637 0.9768
0.0638599429852 0.9768
0.0587956656577 0.9848
0.0686551504092 0.9792
0.0669966564176 0.9812
0.0653094923813 0.9816
0.0584521489629 0.982
0.0654376631198 0.9832
0.0590324378024 0.9824
0.0667433145515 0.9788
0.0711006874319 0.9804
0.0670489415294 0.9804
0.0712090063969 0.978
0.0555090789896 0.986
0.0575787626337 0.9824
0.0658893722314 0.9784
0.0563640364162 0.9836
0.0657570504172 0.9796
0.0470914148189 0.99
0.0632613405907 0.98
0.0621306438484 0.982
0.0721659788648 0.9768
0.0596497600648 0.982
0.0604562174003 0.9804
0.0613748574724 0.9784
0.0727855148964 0.9776
0.0704635868022 0.9836
0.0596553398689 0.9836
0.050403384371 0.9848
0.0772375312298 0.9784
0.0709968751597 0.9776
0.0659214510897 0.9808
0.0635513759224 0.9808
0.0691783360447 0.978
0.0591425701645 0.9848
0.0717883908524 0.9776
0.0566530350158 0.9812
0.0584873180109 0.98
0.0584045386628 0.9828
0.0631094743627 0.9824
0.0593732881971 0.9856
0.057971581327 0.9824
0.0629537380172 0.98
0.0691842670715 0.9784
0.0525534626709 0.9852
0.0579692075759 0.9832
0.063226742501 0.9812
0.052268546368 0.9848
0.0732823862248 0.9784
0.0731285297698 0.9752
0.0557714742754 0.9828
0.0634132171287 0.9856
0.0806286650851 0.9748
0.0622343207349 0.9796
0.0654053036335 0.9784
0.0704818458157 0.98
0.0529082049244 0.984
0.0712601143084 0.9788
0.0558740358051 0.9856
0.0481342975006 0.986
0.0550306089447 0.984
0.0659908275131 0.9796
0.0575475600025 0.9832
0.0721309179448 0.9784
0.0621642636545 0.9804
0.0597978926559 0.9824
0.0561001928902 0.9804
0.0573506046098 0.984
0.0537235756882 0.9852
0.0556972254542 0.9848
0.0661515774782 0.9808
0.0593276681396 0.9824
0.0651882479289 0.98
0.0573022092412 0.9836
0.0637384234569 0.982
0.0622989380993 0.984
0.0632971814965 0.9816
0.057666202117 0.9856
0.0590657739126 0.9812
0.056527603328 0.9804
0.0627948286649 0.9812
0.0488892498792 0.9856
0.0539854629246 0.9828
0.072457799089 0.9784
0.0610134793651 0.984
0.0520751668796 0.9836
0.0582729762988 0.982
0.0668288194996 0.9792
0.0577575658217 0.9816
0.0627859295146 0.9804
0.0704947810312 0.978
0.0625169123524 0.98
0.0717878036786 0.98
0.0632583202361 0.9828
0.06036565506 0.9804
0.0573382354077 0.9844
0.0577611280415 0.982
0.0652360669097 0.9784
0.0509576469379 0.9832
0.0550399940338 0.9868
0.0674339775801 0.9752
0.0673074884855 0.9792
0.054710710526 0.9848
0.0704594378039 0.982
0.0721168407302 0.9792
0.0574219099628 0.9796
0.0486508616071 0.9884
0.0622676225239 0.982
0.0572793163424 0.98
0.0601494667025 0.9836
0.0594774962762 0.9828
0.0600629362996 0.9856
0.0702708750175 0.9816
0.0742059026995 0.9772
0.0511467142076 0.9856
0.0613912847533 0.9812
0.0513914251996 0.9844
0.0712062131059 0.9796
0.0513788132089 0.9852
0.058149711208 0.9832
0.0626494617568 0.9816
0.0512698588487 0.9848
0.0615115633011 0.9812
0.0533966013917 0.9828
0.0467317330166 0.988
0.0604870758773 0.9808
0.0471969026731 0.9864
0.0772880102072 0.974
0.0611116936785 0.9816
0.0575597379263 0.98
0.0666562551611 0.9792
0.06083072482 0.9848
0.0548878924665 0.9836
0.0543373378946 0.9844
0.0694854990477 0.978
0.0630324150047 0.9808
0.0732044528773 0.9788
0.0586873792976 0.9824
0.0535754147918 0.9852
0.0592127393433 0.9828
0.0646450533998 0.982
0.0669849157568 0.9804
0.0590676477573 0.9824
0.0647504899348 0.9816
0.062478022869 0.9824
0.0488553911227 0.9884
0.0528403502049 0.9828
0.0467026687023 0.9888
0.0571196636133 0.9816
0.0642173587953 0.9832
0.0489948010947 0.9868
0.0619984648897 0.9804
0.0664993855052 0.9808
0.0583341334055 0.9816
0.0544444538573 0.9832
0.0598956641712 0.9832
0.0594205478275 0.9824
0.0507157068312 0.9852
0.0607300133954 0.9812
0.0623655880927 0.9812
0.0538571453943 0.9824
0.0645201322591 0.9816
0.0675310614247 0.978
0.0663301719863 0.9816
0.0674764324797 0.9796
0.0583806817419 0.982
0.0671997414419 0.9804
0.0628365383002 0.9816
0.05127141209 0.9852
0.0628205095375 0.9836
0.0654851262262 0.9824
0.0532163645879 0.9852
0.0558632728369 0.9828
0.0807356899996 0.9736
0.0622939481595 0.9836
0.0528211244261 0.982
0.056574554084 0.9832
0.0544583728203 0.9868
0.0575975668235 0.982
0.0479484698126 0.9848
0.0614598107037 0.982
0.0635345524355 0.982
0.0524113705857 0.9852
0.0645715539794 0.9808
0.0549232333339 0.9824
0.0498195482067 0.984
0.0614466173162 0.9816
0.0518047709319 0.9856
0.0698567287694 0.9772
0.0615695223194 0.9828
0.0597383417206 0.9828
0.0508430934947 0.9856
0.0503934638256 0.9836
0.0451576424848 0.988
0.0603750951822 0.9804
0.0625338800768 0.9852
0.0467379222598 0.988
0.0604020861752 0.9824
0.0626732619921 0.982
0.0651264143127 0.9832
0.0523604485359 0.9836
0.0605286990822 0.9828
0.0548259455107 0.9844
0.0493498300471 0.9864
0.0707408291272 0.9772
0.0647866224242 0.978
0.0800184912608 0.9756
0.06799989676 0.9792
0.0462954635112 0.9908
0.0731473578697 0.9828
0.0464735945059 0.9868
0.0617905571002 0.9804
0.044274716169 0.9876
0.0564404286611 0.9816
0.0608160009461 0.984
0.0458620283302 0.9876
0.0605634519773 0.9816
0.0586140732594 0.9816
0.0600894434545 0.982
0.0505909393877 0.9848
0.0582810992971 0.986
0.0573769770668 0.9808
0.0580554517484 0.9824
0.0485229247223 0.9852
0.0735655733445 0.9772
0.0412330172752 0.99
0.056313884517 0.9848
0.0676714527235 0.9752
0.0704435330876 0.9812
0.0657693137564 0.9836
0.0561952927661 0.9812
0.0525543934714 0.9832
0.0486593932022 0.9844
0.0559922870871 0.9824
0.0670330297061 0.9812
0.0509306728241 0.9852
0.0549459556391 0.9812
0.0454823746326 0.9856
0.0567119733857 0.9836
0.059055664384 0.9828
0.059216985924 0.98
0.0630857020307 0.9796
0.0495454951226 0.984
0.061557296304 0.9824
0.0519075582241 0.9876
0.0478837065071 0.9872
0.0536303741679 0.9832
0.0617060149432 0.9832
0.0611736397202 0.9836
0.068229763913 0.978
0.0586397721937 0.9824
0.0598906262891 0.98
0.0659646882872 0.9804
0.060228649701 0.9828
0.0715830079323 0.9804
0.0621166397796 0.9832
0.0607556016064 0.9836
0.0537985070658 0.9848
0.0394865669253 0.9888
0.0441061089223 0.9872
0.0648273536389 0.9824
0.0487340668212 0.9844
0.0597543368347 0.9812
0.0619094207868 0.9804
0.0450703118061 0.9864
0.0476674754438 0.9836
0.0421969740647 0.9888
0.0507612434842 0.9864
0.057421243112 0.9828
0.054344443908 0.9824
0.0700688446009 0.9784
0.0500156242118 0.9852
0.0580971564641 0.9808
0.059533277772 0.9816
0.0617268624332 0.9828
0.0601401680227 0.982
0.052928861158 0.9828
0.0462378195431 0.984
0.0551770867636 0.9856
0.0700585656712 0.9816
0.0628074077844 0.9812
0.0549648117824 0.9832
0.06225947994 0.9816
0.0505736807534 0.9876
0.06315884846 0.9808
0.0658154985398 0.9796
0.0437806945531 0.9888
0.0585768835446 0.982
0.0549500395949 0.982
0.0559765474606 0.9836
0.050535821054 0.986
0.0512300668887 0.9852
0.0577785897309 0.9828
0.0511237044474 0.9852
0.0757726398419 0.976
0.0564207115837 0.9832
0.052105811458 0.9872
0.0626103532689 0.9832
0.0406544371975 0.9888
0.0715685042602 0.9784
0.0570218143222 0.9832
0.0529011825985 0.9844
0.0478539537501 0.9844
0.0548329312624 0.9812
0.0540834797672 0.984
0.0474007508524 0.986
0.0499886737842 0.9844
0.0676602638922 0.9816
0.0631761495234 0.9816
0.0460333339149 0.9864
0.0572853211065 0.984
0.0510527926868 0.9848
0.0625800565071 0.9808
0.0706441494676 0.9796
0.0528260946333 0.984
0.0491766991573 0.9848
0.0477035416508 0.9832
0.0568711477885 0.9848
0.0565146894276 0.9828
0.0501622901823 0.9884
0.0665551368772 0.9816
0.0667619574366 0.9812
0.0539675521479 0.9836
0.0573516766011 0.9828
0.0649499268976 0.9824
0.0525499464647 0.9864
0.0549421096286 0.9844
0.0591098713908 0.9848
0.0528572127487 0.986
0.0591081969286 0.9832
0.0612667277487 0.9824
0.0491362159953 0.9856
0.0445579240072 0.986
0.0493717218347 0.9844
0.0564999604644 0.9848
0.0561974294664 0.9816
0.0496107627038 0.984
0.0534094037471 0.9844
0.0487870005158 0.9828
0.0480184909832 0.9864
0.0541649624404 0.984
0.0563052782498 0.9832
0.0514683247526 0.9848
0.0643249048442 0.9792
0.0489386820483 0.9852
0.0580003244886 0.9812
0.064781384694 0.982
0.0592263938973 0.9792
0.0613856707582 0.9812
0.0463227325035 0.9856
0.0556222497992 0.9856
0.0633459591773 0.9828
0.0571247174091 0.9832
0.056103883399 0.982
0.0601700144021 0.982
0.0557244534159 0.9836
0.0572286144096 0.9828
0.0567741311278 0.9828
0.0594354271755 0.9828
0.0593518884638 0.9836
0.0596361356519 0.9856
0.0526700208844 0.9832
0.0543608183416 0.984
0.0474548250852 0.9868
0.0544371276773 0.984
0.0474186994465 0.9868
0.0610448486028 0.9828
0.0450114590249 0.99
0.0575222253381 0.982
0.0544597265983 0.9824
0.0649054279608 0.9816
0.0553012912877 0.9832
0.0612353782699 0.9792
0.053329878255 0.984
0.0592470084335 0.9828
0.0477608282233 0.9864
0.0670041835007 0.9792
0.0466185437126 0.986
0.0554708821385 0.982
0.0491925524235 0.9848
0.0538924982328 0.9836
0.0526413838674 0.9856
0.0635443999204 0.9848
0.0556372068159 0.9824
0.0557826401569 0.9828
0.0514846143853 0.9848
0.0502822350849 0.9856
0.0569803100507 0.9844
0.0544537427488 0.9856
0.0572855398182 0.9856
0.0567537237517 0.9836
0.0407586429523 0.9892
0.0566993997338 0.984
0.0644907813645 0.982
0.053687785985 0.9844
0.0533209424432 0.9844
0.0478101962467 0.984
0.0549832283872 0.9824
0.0605641450958 0.982
0.0568814180275 0.9832
0.0651604053223 0.9776
0.0572902211565 0.9828
0.0538938258362 0.9828
0.0588561425642 0.9816
0.0510982848759 0.9828
