3.10711416199 0.2097
2.17850178685 0.2706
1.66911181961 0.4576
0.827874898665 0.7535
0.635015996923 0.8132
0.501866928753 0.8498
0.460803009585 0.8602
0.418166703191 0.8748
0.414255799142 0.8788
0.358714595654 0.8913
0.341763594189 0.899
0.317811492175 0.9035
0.313554732724 0.9082
0.286186739645 0.9168
0.280552983269 0.9144
0.258283817635 0.9225
0.260327144744 0.9236
0.249972505308 0.927
0.242188105776 0.9296
0.227751961095 0.9337
0.213966783336 0.9346
0.22263267277 0.9337
0.208856103851 0.9368
0.20523711336 0.9384
0.194393230368 0.9416
0.188876043339 0.9442
0.190237022879 0.945
0.180843025031 0.9457
0.185062178112 0.9455
0.177614944194 0.9445
0.184493204112 0.9449
0.170636028115 0.9487
0.161688431315 0.9535
0.164152013583 0.9476
0.158061989983 0.9503
0.150508342452 0.9563
0.15491188817 0.9514
0.141013552541 0.9547
0.150379805461 0.9548
0.155804308549 0.9572
0.141272446564 0.9591
0.148130215792 0.955
0.142591839814 0.9576
0.138253239988 0.9585
0.134658206647 0.959
0.139902199981 0.9588
0.141312667844 0.9583
0.128692685003 0.9634
0.127812389145 0.9631
0.12662430136 0.9612
0.133718447024 0.96
0.126414462084 0.9619
0.128995814276 0.9617
0.128031760483 0.9626
0.11181373922 0.9664
0.125593690368 0.9642
0.134029583201 0.9612
0.111475127653 0.9652
0.122665799852 0.9635
0.122356114193 0.9641
0.119950140004 0.9647
0.111016909315 0.9667
0.114800334754 0.9675
0.110545214629 0.9664
0.120357894893 0.9659
0.116359119913 0.9663
0.103281618169 0.968
0.115731230951 0.967
0.112374028592 0.9661
0.115626963268 0.9667
0.113498933467 0.9659
0.110682457087 0.9677
0.108675209883 0.9689
0.111800894462 0.9674
0.105342587702 0.9679
0.108902297165 0.9661
0.101726529027 0.971
0.103518890527 0.9703
0.0982589011699 0.9709
0.107837911785 0.9694
0.104456695447 0.9678
0.114616847711 0.9663
0.0980960952139 0.9713
0.0997554548241 0.971
0.110440047152 0.968
0.0954344255948 0.9718
0.0994492564683 0.9686
0.099359942667 0.97
0.102205583078 0.9715
0.0979596463855 0.97
0.0936486782326 0.9724
0.0956325470965 0.9698
0.107391619908 0.9709
0.100839309967 0.9692
0.0889419671631 0.9739
0.100950044117 0.9693
0.101796979188 0.969
0.0938852090623 0.9733
0.0892764582219 0.9726
0.0905782151631 0.9742
0.0944811053281 0.9735
0.103357326492 0.9695
0.09382104828 0.9711
0.0975786496405 0.9725
0.0914070743298 0.9727
0.0920139405929 0.9737
0.0964171442803 0.9699
0.0913965436039 0.974
0.0949744313332 0.9711
0.0867864652926 0.9735
0.0925539803396 0.9729
0.0855320245424 0.9727
0.0855969461049 0.9737
0.0997588969592 0.9713
0.0902713337573 0.9753
0.0939417131537 0.9727
0.0867137565704 0.9758
0.0944803020782 0.9721
0.0843207436211 0.9746
0.0874616450745 0.9748
0.0782966971374 0.9786
0.0907858770638 0.9731
0.0953373902682 0.9713
0.0858304960115 0.9749
0.0839881139424 0.9744
0.0932740128221 0.9738
0.0865212100182 0.9749
0.0864412480479 0.976
0.0838036188738 0.9752
0.0874009902494 0.9733
0.0898328410724 0.9737
0.0817240776608 0.9731
0.0789201436349 0.9766
0.0814458368274 0.974
0.0862821799052 0.9747
0.0884666931239 0.9732
0.0900331526436 0.9736
0.0825288951014 0.9766
0.0886438327056 0.9738
0.0838797730038 0.9744
0.0858250802118 0.9745
0.0796861404196 0.979
0.0753041183387 0.9774
0.085782350488 0.9737
0.0780226314932 0.9747
0.083203069989 0.9762
0.0750999408056 0.9783
0.0854721139989 0.9747
0.086181801639 0.9744
0.0843224768041 0.9742
0.0785350613565 0.9756
0.0795305770932 0.9766
0.086038183792 0.9753
0.0799620866053 0.9772
0.0813926240472 0.9771
0.0808382571824 0.9742
0.0830243575344 0.9756
0.0727373542499 0.9773
0.0801875764346 0.9767
0.0825095550565 0.9756
0.0780472210312 0.9764
0.0805523022175 0.9742
0.0755746297891 0.9766
0.0781943617098 0.9774
0.0779820471922 0.9766
0.0853689934479 0.9762
0.0812379080126 0.9746
0.0757483955047 0.9774
0.0718438181704 0.9802
0.0831187447513 0.9751
0.0758270208256 0.977
0.0704247313322 0.9782
0.0796202826248 0.9763
0.0859695261941 0.9725
0.0746542712434 0.9772
0.0829653349054 0.9759
0.0738512769025 0.978
0.0764374711202 0.9767
0.0742542222048 0.9784
0.077827002262 0.9761
