2.87449995932 0.2776
1.68473986386 0.508
1.24879137505 0.5936
1.00142044979 0.653
0.869454934978 0.7138
0.711421715147 0.785
0.615065787056 0.8172
0.521865983418 0.8358
0.489952372881 0.8518
0.440189651098 0.8678
0.399467587812 0.8778
0.400770935618 0.8772
0.366462588351 0.883
0.363154557317 0.8904
0.344290864444 0.8924
0.319374565704 0.9032
0.32541584827 0.8976
0.311035403635 0.9022
0.31912001919 0.902
0.285023414258 0.9108
0.306589878959 0.906
0.276294087056 0.914
0.257462838113 0.92
0.246455977747 0.9232
0.258623643711 0.9188
0.236123175262 0.9264
0.245778417311 0.9186
0.243716416095 0.9248
0.236859178474 0.927
0.230795177048 0.9278
0.211334934569 0.936
0.204777857488 0.9374
0.198352617764 0.9388
0.231134822164 0.9328
0.21342333652 0.9338
0.218236809549 0.9366
0.210048877057 0.9344
0.192295597187 0.9408
0.213417249378 0.9352
0.19876372199 0.938
0.19402971661 0.9432
0.169342295776 0.947
0.164010731856 0.9492
0.171014908577 0.9478
0.158089726781 0.9498
0.172881182683 0.9476
0.185807375653 0.9472
0.180994403433 0.9462
0.171882172649 0.9472
0.16736368193 0.9478
0.151018299034 0.9522
0.159087860227 0.9498
0.157879667314 0.9482
0.159728314605 0.9534
0.141231169356 0.9588
0.156923236407 0.9508
0.168268686562 0.9526
0.157842508651 0.9508
0.151256570805 0.9538
0.168325211056 0.9484
0.154185331497 0.9528
0.146651590981 0.9544
0.139022473615 0.9574
0.14780589651 0.9534
0.144370944143 0.9576
0.146929244113 0.9542
0.147898318902 0.9548
0.137869429106 0.9534
0.138072916464 0.9596
0.130586913829 0.9594
0.12667564973 0.961
0.148965363294 0.9552
0.135066945029 0.959
0.126223516707 0.9586
0.133268421324 0.9606
0.128271462836 0.9618
0.13439971935 0.9594
0.144712000106 0.958
0.140592872906 0.9558
0.126187618933 0.9634
0.130309111963 0.9598
0.124788320601 0.9604
0.116887309988 0.9654
0.122494186805 0.9616
0.115866759048 0.9644
0.124423717211 0.962
0.124832809829 0.9616
0.126354261458 0.9604
0.119650860984 0.9628
0.116621805617 0.9648
0.118922356659 0.9608
0.112919530116 0.965
0.114106294586 0.9642
0.129386124251 0.9614
0.113656475566 0.962
0.129738531574 0.9618
0.107700922935 0.964
0.119083956796 0.967
0.105943560099 0.967
0.117287235825 0.9674
0.124871234848 0.9632
0.114590993533 0.9648
0.115353851918 0.9678
0.107516290723 0.9652
0.115978225407 0.9634
0.108580450302 0.9648
0.117393319371 0.9642
0.107785583259 0.9674
0.10600113403 0.9668
0.0985224114162 0.9694
0.105537453068 0.9658
0.109980696631 0.9642
0.121714291611 0.9632
0.112877275134 0.9648
0.11584684952 0.966
0.0994123623989 0.9692
0.0983599852934 0.9676
0.107318956976 0.9664
0.11893868725 0.967
0.104498326738 0.967
0.0873748555817 0.9746
0.0923976522439 0.969
0.112443832235 0.9684
0.101385956667 0.9662
0.122909096289 0.9636
0.10851302064 0.9656
0.114958830807 0.965
0.10287705625 0.9686
0.105655714513 0.9642
0.10511181298 0.9642
0.104811974195 0.9676
0.085986363429 0.9744
0.0853001910457 0.974
0.106523896129 0.97
0.115515302485 0.9656
0.101401463495 0.964
0.103627190324 0.9686
0.0923224188879 0.9704
0.0901995539904 0.9696
0.101945221298 0.9706
0.107113326807 0.9678
0.104193365546 0.9666
0.096727946524 0.97
0.0885567071745 0.9722
0.0943702911378 0.9692
0.0921489940554 0.972
0.0871313179936 0.9726
0.0950539859309 0.9704
0.100015969285 0.9678
0.107631302205 0.9666
0.0996562462915 0.968
0.0968540935784 0.9706
0.0926153562277 0.9704
0.0970468440846 0.9686
0.0951722985895 0.9706
0.0983650571454 0.9686
0.0866576020793 0.9726
0.0998029620241 0.9704
0.0880592161365 0.9734
0.0900161810845 0.973
0.0958038527301 0.9704
0.103694429716 0.9692
0.103921979942 0.9696
0.0792171694759 0.9714
0.0869397806079 0.971
0.0935884223254 0.9712
0.0913581011566 0.9696
0.0975876172932 0.9702
0.0904793968753 0.9712
0.0942434892714 0.9672
0.087641931234 0.9726
0.0809407227311 0.9748
0.0859457469327 0.9748
0.090545628295 0.9674
0.0841347131621 0.9726
0.0882383130595 0.9712
0.105846678903 0.9684
0.0958997886718 0.9704
0.0824659763991 0.973
0.105504139766 0.9676
0.0760024932025 0.9748
0.0837971287672 0.9724
0.0872793941084 0.9766
0.0926302523324 0.9728
0.083359151407 0.9738
0.088306835155 0.9706
0.0960061590081 0.9662
0.101233885081 0.968
0.084182794201 0.9734
0.0921380560391 0.973
0.075222726462 0.9744
0.102656177086 0.971
0.0736062761257 0.9776
0.0988661626727 0.9708
0.0936956736706 0.9718
0.069070976912 0.9764
0.0886744880034 0.975
0.0817729776576 0.9726
0.0889135182126 0.971
0.0810044309805 0.9744
0.0822223343621 0.9734
0.087732829587 0.9726
0.0877471838005 0.9712
0.101706838803 0.9696
0.0829082435745 0.9754
0.0881249249504 0.974
0.0794641502035 0.9738
0.06858531481 0.977
0.0794241213772 0.9734
0.0868939838335 0.9708
0.0856759013772 0.9732
0.0908834085303 0.9734
0.0884490639794 0.974
0.0881170354952 0.9732
0.0804752699708 0.9728
0.0902099838283 0.9714
0.075709542468 0.978
0.0818017577285 0.974
0.0812910344795 0.9722
0.0908416544471 0.9714
0.0792211837605 0.9762
0.0835030899908 0.976
0.0862377809969 0.9736
0.0777950717511 0.9748
0.0730380506095 0.9762
0.0923851661519 0.9714
0.0843498037447 0.9736
0.0848775921557 0.9708
0.0752848413853 0.9758
0.0893125710767 0.9702
0.0858237215073 0.9732
0.0686052613062 0.98
0.0791128446796 0.9728
0.0776346315729 0.9778
0.0766230387801 0.974
0.0821187613133 0.974
0.0782233663786 0.9766
0.0903092114914 0.9734
0.0804909152637 0.9752
0.0855479893719 0.9736
0.0689613125377 0.9774
0.0804963890624 0.9756
0.0756364452106 0.9774
0.0788642786036 0.9748
0.09374376932 0.9704
0.0878294161364 0.9718
0.072291386739 0.9758
0.0734297809345 0.9766
0.0837714292421 0.9718
0.0804736102359 0.9734
0.0740073731802 0.9764
0.0801015547385 0.9732
0.0846507048873 0.972
0.0654804893507 0.9786
0.0741609112058 0.9762
0.0680398021881 0.979
0.0775267068835 0.976
0.0887281077566 0.9726
0.0805457864602 0.9774
0.0744325480271 0.975
0.0803863556547 0.9774
0.0724965648219 0.9768
0.0783706861193 0.9748
0.0765700721609 0.9758
0.0754232767639 0.9772
0.0794236233048 0.9746
0.075725662426 0.9754
0.071947149005 0.9774
0.0757650356037 0.9764
0.0913920150899 0.9704
0.0716408602009 0.9774
0.074985414882 0.9768
0.0664216837546 0.98
0.0840339506213 0.9724
0.0747371245542 0.9796
0.0682913041642 0.9794
0.0690867921414 0.9784
0.0719958074011 0.9786
0.0707457627857 0.9784
0.0904606556711 0.9744
0.0725975145814 0.9794
0.0713858791478 0.976
0.0722048496911 0.9778
0.0709279076405 0.9758
0.0849971602123 0.975
0.0670614552058 0.9786
0.0785038751445 0.9756
0.0764558427736 0.9762
0.0725532345467 0.978
0.0716521001878 0.979
0.072105631476 0.979
0.0809570327994 0.9762
0.0815759915151 0.974
0.0685226989022 0.9794
0.062940722152 0.9798
0.0762834972625 0.9768
0.0745033469122 0.9774
0.0728167464013 0.9764
0.0782514806045 0.9778
0.0681084154374 0.9782
0.0744380736231 0.9784
0.0742863068121 0.9786
0.0709718686295 0.9746
0.0825104747152 0.9754
0.0577153023086 0.9814
0.0631727996476 0.9788
0.0714578765994 0.9766
0.0770142351879 0.9768
0.0821706900352 0.9744
0.0643657064073 0.9784
0.0752635039175 0.9766
0.0684254559749 0.9772
0.0732860661815 0.9788
0.0734438511338 0.9762
0.0768181052377 0.9758
0.0787225312227 0.9738
0.064830796213 0.9776
0.0619288299004 0.981
0.0710447470494 0.9766
0.0666187275659 0.9784
0.0732931113571 0.9764
0.0767984099832 0.9764
0.064855330492 0.9794
0.0769710860949 0.9804
0.0773887486805 0.9784
0.0723446203294 0.9778
0.0617074743822 0.9794
0.0683193824432 0.9762
0.0664874124367 0.978
0.0728125678188 0.9786
0.0686647285602 0.9792
0.0745666837343 0.9762
0.0704262023214 0.979
0.0649086996385 0.9804
0.0693108768196 0.9776
0.0765521739666 0.9756
0.0630610573912 0.981
0.0833219414037 0.9746
0.0638086270171 0.9796
0.0768515482956 0.979
0.0597199413934 0.981
0.0628958224305 0.9778
0.057960077672 0.98
0.070303125788 0.9772
0.0682766946429 0.9764
0.0777303502131 0.9768
0.0771512558012 0.977
0.0701483335654 0.976
0.0722329755757 0.9762
0.0596120968887 0.9808
0.0721575779237 0.9762
0.0641704559269 0.9798
0.0643678326963 0.9786
0.0665095588375 0.9792
0.0630502899537 0.9782
0.0745817800182 0.978
0.0625214608438 0.9808
0.0766594108153 0.9768
0.0734925714691 0.9772
0.0705875441809 0.9792
