1.85473713753 0.4772
0.783485569678 0.7656
0.451467422474 0.8564
0.366020617728 0.8912
0.328903330213 0.9024
0.288409723022 0.9136
0.284423782926 0.9164
0.216943590094 0.9372
0.257807428839 0.9232
0.243483010158 0.9268
0.224543483723 0.9332
0.237449070721 0.9276
0.215148250857 0.9372
0.210191445915 0.9368
0.221776921453 0.9384
0.201369050985 0.9428
0.196909902766 0.942
0.235502336535 0.938
0.201960814056 0.9432
0.193171831333 0.9476
0.180392910917 0.9528
0.18180110823 0.9504
0.19170183216 0.948
0.182340996737 0.9516
0.179860932755 0.9532
0.193349646192 0.9408
0.187428369575 0.9488
0.179326176452 0.9496
0.178402611013 0.9536
0.178047572859 0.9536
0.194871156779 0.9456
0.186437809766 0.9468
0.172101359607 0.9564
0.150139433482 0.9556
0.162977270579 0.956
0.191141588545 0.9464
0.145973532318 0.9592
0.17544370457 0.948
0.18051232004 0.9508
0.177240702119 0.9528
0.179432016799 0.9512
0.160476118355 0.9552
0.175170542564 0.9524
0.155820344524 0.9592
0.160577000802 0.9556
0.172543585282 0.9532
0.167013718316 0.9572
0.159044810588 0.9612
0.164361723661 0.9536
0.174959009426 0.9536
0.173998587974 0.9552
0.16374621102 0.9492
0.159057760731 0.9584
0.159863924607 0.9536
0.175969533131 0.9596
0.170975861957 0.9496
0.151808297112 0.958
0.150967262677 0.96
0.15863147062 0.9628
0.145671305422 0.958
0.163114928665 0.9516
0.151054348676 0.9632
0.152923291277 0.9608
0.153981798371 0.958
0.163483399839 0.956
0.146759785973 0.958
0.150416494538 0.9612
0.158448083451 0.9584
0.16001766954 0.9572
0.158261212439 0.952
0.165556537615 0.9528
0.14724788037 0.96
0.161650058483 0.9576
0.167241667046 0.9524
0.151372875774 0.962
0.145314371141 0.9652
0.152875704535 0.9584
0.164502690935 0.9564
0.15626966788 0.9528
0.142963245584 0.9632
0.143672555062 0.962
0.134264437236 0.9652
0.137167783457 0.9612
0.156037314278 0.9648
0.16443420298 0.9552
0.134790429659 0.9632
0.151833930328 0.958
0.167826049678 0.9552
0.167543987605 0.958
0.167169351204 0.9544
0.184618329162 0.948
0.155067594834 0.9588
0.143552131382 0.9648
0.159782998653 0.9604
0.132184719345 0.9652
0.165832818271 0.9544
0.167166024437 0.9544
0.144151181555 0.9644
0.146870988771 0.9576
0.135557808441 0.9676
0.150701980342 0.956
0.143275680657 0.9612
0.147841231184 0.962
0.145295219853 0.9612
0.160750766077 0.9556
0.147439217854 0.9612
0.143483717415 0.9612
0.147717565251 0.9628
0.155613712356 0.9524
0.170294559057 0.956
0.167546112303 0.9588
0.14593118027 0.9624
0.154058230338 0.9588
0.152930400674 0.9584
0.173388720813 0.9552
0.149718184573 0.9624
0.161290905115 0.9556
0.146813689538 0.9564
0.162169616481 0.9556
0.154656948496 0.9568
0.148641621522 0.9592
0.160792606872 0.9544
0.161191835602 0.9556
0.170092648437 0.9536
0.151385389894 0.9576
0.168506086287 0.9548
0.157356185101 0.9568
0.137862141933 0.9648
0.146130884642 0.9608
0.145985558565 0.9604
0.155474570216 0.9532
0.147713822871 0.958
0.173547594665 0.952
0.142967603036 0.9604
0.185301888746 0.9492
0.128037885074 0.9704
0.163093230375 0.9516
0.143079825287 0.9604
0.177731237914 0.9508
0.166670954382 0.9536
0.167088495492 0.9532
0.147506145815 0.9592
0.136352811102 0.9672
0.152457956052 0.958
0.143699799528 0.9612
0.153284316444 0.9604
0.140917199089 0.9624
0.148939486486 0.9584
0.161555990707 0.9588
0.152996342476 0.956
0.151372141542 0.9652
0.167547585805 0.9556
0.160921713481 0.958
0.152619761112 0.9568
0.13401061872 0.9664
0.15362694875 0.96
0.150295146253 0.9644
0.140632179825 0.9616
0.152824474042 0.9544
0.149632355635 0.9636
0.153358932705 0.9568
0.162135510537 0.9564
0.170406430544 0.9548
0.155207832671 0.956
0.160214405446 0.956
0.155499172559 0.9592
0.161415010868 0.9564
0.161165820621 0.954
0.14480781429 0.9636
0.164066160332 0.9568
0.131631837035 0.966
0.156899949339 0.9576
0.156690953012 0.9572
0.144750490415 0.9568
0.14537191229 0.9616
0.170320506029 0.952
0.173137976392 0.948
0.164130527202 0.956
0.162790287557 0.9464
0.156844334377 0.962
0.141766941533 0.962
0.152756305932 0.9604
0.157608628392 0.9556
0.150289949593 0.956
0.144169913648 0.962
0.144758699696 0.9596
0.144739076846 0.962
0.161674952509 0.9552
0.136546359232 0.9644
0.155643008023 0.9556
0.160917431374 0.9612
0.149044803934 0.9632
0.160533604112 0.9548
0.141966016223 0.9616
0.148823107665 0.9576
0.151755279596 0.9612
0.16413176714 0.9524
0.15067726468 0.962
0.144689501657 0.9604
0.156548533547 0.9588
0.161288945731 0.9596
0.160077657809 0.9528
0.15256720123 0.96
0.172370379419 0.9528
0.162377184779 0.9536
0.153317696721 0.9648
0.140087850504 0.9648
0.172920044803 0.9544
0.144498694408 0.9628
0.133615956588 0.9668
0.14977148451 0.9564
0.147668552395 0.9568
0.135661571949 0.9644
0.167781259715 0.96
0.158472779736 0.9608
0.14754408246 0.96
0.154763720795 0.964
0.147296038579 0.9592
0.166322676769 0.9536
0.15037817788 0.96
0.16265171518 0.9536
0.148351431279 0.9596
0.153032931515 0.9608
0.12232076303 0.9708
0.152396492189 0.9564
0.166877363314 0.956
0.169620837573 0.9496
0.156435493034 0.9556
0.146054964723 0.9576
0.135136143023 0.9676
0.136188200759 0.964
0.149944277589 0.9572
0.148638617806 0.9572
0.162199392904 0.9516
0.150292083195 0.9636
0.13696365319 0.9636
0.166182718612 0.954
0.154126136329 0.9596
0.187148652982 0.9452
0.157996472974 0.9604
0.1331868547 0.9664
0.155788558963 0.9588
0.141393196498 0.9616
0.16660436522 0.9556
0.136346877688 0.96
0.152608713458 0.9628
0.155867910831 0.958
0.149268750813 0.9604
0.129983447195 0.964
0.157408849376 0.9564
0.146385090034 0.9596
0.162704062243 0.9572
0.145546526653 0.962
0.158781085485 0.9576
0.151930530111 0.9624
0.153584841252 0.9584
0.152020145545 0.9596
0.151859162013 0.956
0.15508209236 0.9592
0.159064228501 0.9604
0.152189286607 0.958
0.157318738666 0.9544
0.182756741315 0.9468
0.147465013031 0.96
0.151479701723 0.958
0.165093097745 0.956
0.134537619208 0.9636
0.168276747334 0.9532
0.153196558039 0.9608
0.143564080043 0.9672
0.154913831757 0.9576
0.15122275621 0.96
0.161004548933 0.9564
0.153611847371 0.9568
0.164892234256 0.9572
0.160216338941 0.9556
0.156517210268 0.958
0.146615802419 0.9596
0.139383839807 0.96
0.161398996475 0.9536
0.128268305277 0.9648
0.161900630697 0.9544
0.15904345056 0.9568
0.156583674247 0.96
0.12891831961 0.9656
0.140436830916 0.9608
0.15816264882 0.9596
0.13935098875 0.9604
0.140291367605 0.9652
0.144933028549 0.9584
0.136910421703 0.968
0.164420175136 0.9552
0.161085550053 0.9548
0.148105687635 0.9596
0.145350228255 0.9592
0.148543730928 0.9588
0.158224966558 0.958
0.148124795704 0.958
0.164301830897 0.9544
0.133218993798 0.9632
0.157951617255 0.9536
0.145993963795 0.9596
0.158158197395 0.9572
0.15333154661 0.9628
0.158606756079 0.9564
0.163665664204 0.9568
0.152501165583 0.9604
0.153464969452 0.958
0.143478286778 0.9612
0.155606975665 0.9604
0.150025684542 0.9644
0.161733395162 0.9528
0.144672320653 0.9616
0.161052413377 0.9564
0.139598962603 0.9648
0.162939163074 0.9564
0.154647710766 0.9612
0.146391444935 0.9616
0.150646227922 0.9564
0.143478253822 0.9572
0.134007729941 0.9604
0.155972558209 0.9588
0.166809698518 0.954
0.142064883609 0.9632
0.147484545282 0.9656
0.152961326224 0.9616
0.127853825947 0.9672
0.172903866657 0.9516
0.149251398376 0.9632
0.142278568614 0.9624
0.14590113065 0.9624
0.152787986533 0.964
0.179209053122 0.9512
0.148864251222 0.9592
0.152253404032 0.9608
0.154042187406 0.9588
0.148655433101 0.9576
0.13571356 0.9608
0.148276445192 0.9608
0.132271514491 0.968
0.158296700169 0.9532
0.145341331919 0.9608
0.152545535127 0.9644
0.160280818244 0.9512
0.151905244737 0.9592
0.153530962509 0.96
0.169251636626 0.9548
0.165710740301 0.9528
0.157224597866 0.9572
0.164708875928 0.9576
0.144516029928 0.9616
0.166687903136 0.9556
0.153338190602 0.9564
0.153386142532 0.9592
0.138035561933 0.9612
0.162440817081 0.9548
0.143494020887 0.9568
0.131559339324 0.964
0.152327559872 0.9572
0.15221790344 0.9512
0.169117682131 0.9532
0.147149504197 0.956
0.138198488702 0.962
0.147870014392 0.9568
0.131450941829 0.9672
0.137751328146 0.9632
0.141579119114 0.9596
0.143038660295 0.9636
0.151761856337 0.9608
0.15777733907 0.9576
0.145419326616 0.9652
0.158563792472 0.9568
0.146005815882 0.9632
0.158652272607 0.9584
0.161588142425 0.954
0.164119252957 0.9568
0.139183423267 0.9668
0.144906042805 0.9628
0.161134514478 0.9592
0.149744229503 0.9576
0.158302765236 0.9592
0.144791112643 0.9616
0.172658588695 0.9488
0.139355976521 0.9632
0.139785450154 0.9628
0.151261308485 0.956
0.157331339785 0.954
0.151137953667 0.9584
0.142679908248 0.9624
0.159098097507 0.952
0.148320109259 0.9608
0.163196419614 0.9604
0.162311680666 0.9544
0.148459326547 0.9596
0.178121692089 0.95
0.153660423888 0.9572
0.156686130889 0.9608
0.138534890725 0.9648
0.158032814083 0.956
0.127847555788 0.9684
0.153019579629 0.9576
0.170878740804 0.9576
0.135130809535 0.9672
0.150838519272 0.956
0.137757926621 0.96
0.133720723265 0.9664
0.137881297296 0.9688
0.145933578129 0.9636
0.162744960824 0.9552
0.179456927508 0.9516
0.157543656738 0.96
0.137161277416 0.9612
0.158796843258 0.96
0.153497198203 0.9604
0.143171179219 0.964
0.164435277434 0.9512
0.159372746358 0.9596
0.142294131731 0.9612
0.142927612623 0.9656
0.152093021286 0.9564
0.145890597463 0.964
0.165705590034 0.9576
0.149983453992 0.96
0.148037244777 0.9604
0.140892331004 0.9652
0.164855261391 0.954
0.145827493822 0.9592
0.155282736888 0.956
0.142103992323 0.9656
0.131733582134 0.97
0.159464696497 0.9584
0.136953776199 0.9664
0.154804602493 0.9528
0.142326205916 0.9656
0.166335118788 0.958
0.162056418316 0.956
0.160285683162 0.9592
0.149568343035 0.9616
0.134042623722 0.9628
0.157119737041 0.9608
0.157945831501 0.9588
0.150531978995 0.9596
0.14697954725 0.9584
0.160305252335 0.9516
0.16131269109 0.9568
0.160120636119 0.9596
0.143004868637 0.9612
0.147997327429 0.96
0.144573928631 0.9616
0.147608482509 0.9588
0.136445482893 0.9656
0.140616234936 0.9608
0.156516028599 0.9572
0.142069162176 0.966
0.158376557157 0.9568
0.134628346149 0.9648
0.152263651341 0.9576
0.158951969839 0.9588
0.145319859819 0.964
0.154942543117 0.9596
0.159306020526 0.9544
0.160037914842 0.9596
0.134423890751 0.9624
0.149484042669 0.956
0.151060096728 0.958
0.144513212931 0.9608
0.129431886438 0.9672
0.159098908497 0.9516
0.147334368148 0.9608
0.160805009263 0.9572
0.140798296516 0.9608
0.164201088327 0.9548
0.158879360837 0.9552
0.142931008134 0.9656
0.145772279067 0.9564
0.170143437681 0.9556
0.147115646652 0.9616
0.140474109543 0.962
0.147038826034 0.9612
0.151844013154 0.956
0.15830668556 0.9588
0.146101953665 0.9624
0.150254087118 0.962
0.138281503213 0.962
0.142802423 0.9636
0.142710971893 0.9608
0.162525258882 0.9556
0.149857156388 0.9584
0.149517100974 0.9564
0.146174359604 0.9636
0.159882432346 0.9536
0.140178795306 0.9648
0.140262882484 0.9628
0.149859923183 0.9576
0.156734855699 0.9596
0.147294019066 0.9592
0.150083710418 0.9584
0.144028376704 0.958
0.170789708778 0.954
0.171155306648 0.9528
0.127861372015 0.9648
0.164903844179 0.9576
0.148915482792 0.9592
0.148751746475 0.9608
0.155244867425 0.958
0.163060533236 0.954
0.166005001586 0.9576
0.129482821523 0.9684
0.149794439172 0.96
0.140952905114 0.9604
0.151910870087 0.9588
0.139802600194 0.9616
0.154024648482 0.9592
0.141351021037 0.9652
0.152677145254 0.9636
0.153775888911 0.9628
0.131069402749 0.9672
0.178352917324 0.9436
0.153623045616 0.9564
0.156258911796 0.9544
0.156386162525 0.9576
0.129439538655 0.966
0.15561100178 0.954
0.149401009955 0.9604
0.161904089348 0.9532
0.15589365298 0.958
0.146420968682 0.9604
0.159822486527 0.956
0.142473690279 0.9704
0.150316579916 0.9564
0.140382210554 0.962
0.147509977256 0.9604
0.154693802076 0.9532
0.172699246374 0.9528
0.158488075913 0.9596
0.131413357672 0.9668
0.158812530313 0.9556
0.138939060207 0.9632
0.149943072632 0.9576
0.153227146791 0.9552
0.157197765864 0.9572
0.13881293213 0.9616
0.131104161722 0.9648
0.149099887214 0.9624
0.157376093721 0.9524
0.157990729316 0.952
0.154518956017 0.9592
0.154115290949 0.9588
0.14261502676 0.9612
0.160528820175 0.9612
0.151801710614 0.958
0.158420507902 0.9544
0.155014606569 0.958
0.132246753301 0.9692
0.134717383622 0.9676
0.144833785465 0.9668
0.140749556154 0.9616
0.18472460873 0.9496
0.123906980603 0.9704
0.150101407594 0.9584
0.128409606146 0.9624
0.172619434172 0.954
0.161179540851 0.9556
0.139715869333 0.9624
0.158979669358 0.9576
0.163686253865 0.9548
0.135687129496 0.9628
0.158540007963 0.9592
0.162934116705 0.9536
0.145808394922 0.9612
0.147511431012 0.9636
0.15857368885 0.9584
0.151587314569 0.9596
0.15319265031 0.958
0.158951856061 0.958
0.156334711497 0.9564
0.150487038167 0.9628
0.147648445915 0.962
0.138249238008 0.9592
0.152164009505 0.9564
0.13784733636 0.9656
0.169376728327 0.9528
0.149708712371 0.9584
0.145633167614 0.9592
0.145752674092 0.958
0.145512007661 0.9584
0.14472755348 0.9596
0.160451596643 0.9608
0.155819645052 0.9596
0.152232586528 0.9556
0.144056280402 0.9588
0.14946834058 0.9608
0.170045396005 0.9488
0.147217417089 0.9668
0.15849711329 0.9592
0.166752184978 0.9544
0.154969596958 0.9596
0.155546703518 0.9584
0.148234356302 0.958
0.147120031731 0.9612
0.143196382697 0.9652
0.141476997906 0.966
0.159284720676 0.9516
0.15652992081 0.9604
0.143167904852 0.9576
0.157416852605 0.9576
0.158413047953 0.9588
0.15603010157 0.9584
0.139176137243 0.9632
0.152636558331 0.9564
0.158697078245 0.9564
0.138963178955 0.9668
0.157786304969 0.9572
0.147375804895 0.9584
0.14686761789 0.9616
0.128434408056 0.9676
0.159827121722 0.954
0.166793975114 0.9524
0.130156270421 0.968
0.165755366207 0.9508
0.151643536678 0.9608
0.15074933184 0.9592
0.152471333519 0.9604
0.157401858011 0.958
0.161790104509 0.952
0.129523594222 0.9672
0.13480356864 0.9648
0.163912937266 0.9568
0.168464751529 0.9516
0.148689283788 0.962
0.152479644099 0.9592
0.153195793594 0.9536
0.137020236061 0.9608
0.146578575006 0.9608
0.165002332436 0.9548
0.143303359997 0.9612
0.165515214579 0.954
0.149992427884 0.9588
0.159695090632 0.9624
0.155763714243 0.9608
0.129094765874 0.966
0.172927551615 0.9496
0.164379099854 0.9588
0.160670838046 0.958
0.135296321338 0.9668
0.15080776995 0.9596
0.13854893259 0.9604
0.138809604141 0.9644
0.149194163204 0.9604
0.153555978157 0.9556
0.162014929167 0.9564
0.125257747569 0.97
0.151617070918 0.9612
0.158387931117 0.958
0.151624279825 0.9616
0.137190792848 0.9612
0.141783705969 0.9628
0.157026133935 0.9548
0.14494057889 0.9572
0.138531808589 0.9636
0.161832658945 0.9504
0.15305618641 0.9564
0.148263439893 0.9592
0.174295293485 0.96
0.147266017766 0.958
0.149266351412 0.9632
0.147158275208 0.9616
0.155947043712 0.9576
0.136239170033 0.9604
0.159082489841 0.9556
0.173056759334 0.948
0.1414300342 0.9632
0.141534587212 0.9624
0.156800635005 0.9544
0.1463590401 0.964
0.130140235304 0.9684
0.139538063537 0.9612
0.14303894051 0.9568
0.143242422075 0.9604
0.140122848657 0.962
0.171094525385 0.9508
0.151501767868 0.9636
0.150745698863 0.9612
0.16117745531 0.958
0.157232630352 0.9572
0.163271183497 0.9544
0.141777418367 0.9636
0.171790308176 0.9536
0.155877717179 0.9552
0.153258731181 0.9556
0.154999578977 0.9596
0.141343428613 0.964
0.139275667721 0.9592
0.15333533656 0.9588
0.150504928847 0.9576
0.152957580213 0.9604
0.143685702179 0.964
0.147995775199 0.9588
0.143232568611 0.9636
0.129855045715 0.9708
0.165708482955 0.9516
0.153580907239 0.9608
0.154573680836 0.96
0.167084387389 0.9512
0.155184495843 0.9608
0.166906032354 0.9568
0.144699905287 0.958
0.145164809046 0.9604
0.15932523924 0.954
0.145795995057 0.9656
0.147843767366 0.96
0.159886351088 0.958
0.171356309324 0.9524
0.159157028759 0.96
0.14845640148 0.9652
0.138560615002 0.9604
0.150925719063 0.954
0.138198597812 0.964
0.146671753783 0.9612
0.126555940413 0.964
