2.88800809876 0.314
1.65446966735 0.4928
0.887608373719 0.6792
0.555354968389 0.8328
0.4310669274 0.8768
1.15782427988 0.744
0.510578948912 0.8524
0.397099200295 0.886
0.337411806723 0.9016
0.314030759985 0.902
0.265239493586 0.9192
0.289522455776 0.9076
0.275868251012 0.9116
0.250176100676 0.9232
0.22408813998 0.9312
0.268634595041 0.9144
0.221824644 0.9324
0.234273581248 0.9296
0.232211049997 0.9268
0.225890389292 0.9376
0.197434761781 0.9412
0.221606619563 0.9328
0.209467213524 0.932
0.180001442593 0.9432
0.177233625167 0.9444
0.201230331229 0.9344
0.166730979176 0.9452
0.188861758669 0.944
0.171886495483 0.9504
0.178725175142 0.94
0.15246329051 0.9548
0.199312420735 0.9412
0.165671200095 0.9536
0.15019527265 0.9512
0.144985102048 0.9544
0.133408512047 0.9616
0.188009867675 0.9468
0.133788944872 0.9588
0.136508655837 0.9596
0.15875459914 0.9508
0.15257802162 0.9516
0.16042070464 0.948
0.128349461907 0.96
0.1373047808 0.958
0.152627299618 0.9516
0.138357857692 0.956
0.145428985984 0.9568
0.147892699221 0.952
0.126404572369 0.9592
0.127641217282 0.96
0.129535207243 0.9584
0.108790143143 0.964
0.121678535578 0.9656
0.111003426461 0.9668
0.138420391868 0.9592
0.126195941173 0.9604
0.127714428646 0.9644
0.117309614238 0.9636
0.112313388603 0.9632
0.1209414377 0.9636
0.128798403215 0.9624
0.127111690829 0.9632
0.110323753115 0.9636
0.143903295532 0.956
0.10267318233 0.9668
0.113472147373 0.9648
0.128197274424 0.9604
0.12699194415 0.9632
0.0987655214335 0.9688
0.0923730819882 0.9708
0.109927899134 0.9664
0.127255776659 0.9584
0.108369277349 0.9684
0.10417082068 0.9692
0.0948834657384 0.9676
0.118503379391 0.9596
0.111091398938 0.9624
0.105022986076 0.9704
0.130051160332 0.9608
0.0868721643699 0.9688
0.0989954392722 0.9688
0.0871501844601 0.9768
0.0903631355613 0.9692
0.0860980798875 0.972
0.109609726948 0.9728
0.122750177822 0.9652
0.0988980064838 0.972
0.105767435737 0.9676
0.0984673287735 0.9676
0.0935612242481 0.9724
0.0940469490358 0.9756
0.0851325061113 0.9712
0.110275321788 0.9676
0.102883327215 0.9708
0.0907367209913 0.9696
0.0898730371693 0.9696
0.0795911290255 0.972
0.082085382328 0.9736
0.085927589968 0.972
0.0785205721475 0.9756
0.0967039790097 0.972
0.0947551309801 0.968
0.101387616609 0.968
0.0941819626431 0.9728
0.0911503303434 0.9732
0.100415463156 0.9688
0.0939607156296 0.9688
0.09916267218 0.9728
0.0892406739147 0.968
0.0936384393907 0.9712
0.0695001304832 0.9768
0.0949878192307 0.9768
0.0938323642965 0.9728
0.0895548021825 0.9724
0.0974175730755 0.9684
0.0828421686087 0.9748
0.101301568905 0.9636
0.0808456751057 0.9756
0.0782747172365 0.9728
0.0984679906794 0.9696
0.0701692457554 0.976
0.0827085104796 0.974
0.0676701336879 0.9788
0.0851935885358 0.9756
0.0792672859237 0.9748
0.085429724532 0.9756
0.0790029679803 0.9728
0.103593697371 0.9696
0.0723907422836 0.9804
0.0722816366368 0.9756
0.0939859110533 0.9692
0.097236301814 0.9692
0.0705970340577 0.9772
0.0984613222214 0.9712
0.0747746173067 0.978
0.110585742407 0.966
0.0675729605059 0.9816
0.103454926671 0.9684
0.0795192484273 0.9764
0.0713623792658 0.9784
0.0776272840646 0.9744
0.0909760345143 0.9716
0.082657059633 0.9744
0.0754152848159 0.976
0.0703165303276 0.9788
0.0727459638573 0.9784
0.0952838561229 0.97
0.0594099588892 0.982
0.0522925456335 0.9812
0.0755541851129 0.9788
0.0724804956958 0.9772
0.0737288531589 0.9784
0.0780382575468 0.9732
0.0838264320674 0.9744
0.0825508177464 0.9756
0.0930819091529 0.9704
0.0846794360724 0.976
0.0732694725493 0.98
0.0756220253835 0.976
0.0835262481406 0.9772
0.0770179856245 0.9744
0.0788473542035 0.9756
0.0883860454115 0.9712
0.0892064306694 0.9708
0.0673140630171 0.9768
0.0783698557474 0.9744
0.0603734936985 0.9836
0.088098713641 0.9744
0.0789058294227 0.9792
0.0697979399215 0.9748
0.0743277570921 0.9776
0.0933327473321 0.974
0.0700072140663 0.9756
0.0641974878088 0.9844
0.0928022998214 0.9776
0.0739663920224 0.9768
0.0680414797042 0.974
0.0778773218077 0.974
0.0796981587755 0.9696
0.0586520160522 0.9796
0.0663558097986 0.9788
0.073278984175 0.9776
0.0747178077548 0.9744
0.0662137116915 0.9804
0.0782205531896 0.976
0.0715258020653 0.9764
0.0714449852667 0.9756
0.0872258166245 0.9756
0.091798469056 0.9704
0.0560388478066 0.9816
0.0565470844709 0.9804
0.0541150627194 0.9824
0.0617652681568 0.982
0.0590729482249 0.9856
0.0551663359735 0.9804
0.0895036161085 0.976
0.0760156279694 0.9808
0.0815659280924 0.9728
0.0735085942847 0.978
0.0747849602901 0.9796
0.0756699126007 0.9772
0.0700011890149 0.9776
0.071831203969 0.9776
0.0651325076716 0.9828
0.05438883564 0.98
0.0720375647788 0.98
0.0666792324885 0.9784
0.0743794701488 0.978
0.0784301443756 0.9764
0.079397412886 0.974
0.0727211370312 0.9776
0.0622558569118 0.98
0.0671714053306 0.982
0.0705836880907 0.9792
0.0730730233626 0.9796
0.0641126784054 0.98
0.0889695581957 0.9756
0.0616642338339 0.9808
0.0541631122898 0.9828
0.0535672735243 0.9828
0.0539188015613 0.9828
0.0562289743333 0.9844
0.0764686410034 0.9788
0.0702512647634 0.9792
0.0741039429036 0.9776
0.0807371261753 0.9752
0.0609664667783 0.9804
0.0664696621661 0.9796
0.0478560888088 0.9848
0.0524147490546 0.9836
0.0815306861143 0.9752
0.0806463137248 0.9748
0.0704760302288 0.9788
0.0609277671357 0.9796
0.0639897763068 0.9784
0.0585498525533 0.9804
0.0570808953443 0.982
0.0573348123829 0.9836
0.073859487497 0.9764
0.0987577942752 0.9704
