1.38291763357 0.65
0.514415423114 0.8404
0.4209088977 0.866
0.27846492416 0.912
0.307625266026 0.908
0.267651742255 0.9224
0.250317262647 0.9164
0.224356631953 0.9304
0.226280244576 0.94
0.229582695893 0.9324
0.20748375082 0.9364
0.198755968578 0.934
0.199643001713 0.9408
0.200997753329 0.936
0.162640410547 0.9496
0.174718730419 0.946
0.156090346329 0.9508
0.192366003682 0.9452
0.152983956058 0.9572
0.167483157313 0.9504
0.167737730052 0.9544
0.167126407792 0.9452
0.164650513679 0.9512
0.172317223022 0.9512
0.156337328008 0.9508
0.138491197189 0.9584
0.138936198409 0.9532
0.141908287589 0.9568
0.124203111974 0.9604
0.14619812647 0.9596
0.142934652732 0.9512
0.148922855376 0.9544
0.152270881986 0.95
0.158315427151 0.9504
0.126522792143 0.9572
0.142448183435 0.9572
0.140018243396 0.9524
0.116710180414 0.962
0.164344074223 0.9536
0.13546763005 0.9572
0.134315917905 0.9612
0.119705600153 0.9616
0.118376596698 0.9648
0.139678361404 0.9572
0.118858229189 0.9644
0.142308447372 0.9548
0.136268335964 0.9572
0.155897731733 0.9568
0.126352716319 0.9604
0.111445889958 0.9668
0.113440486125 0.9644
0.1117208126 0.964
0.105094190518 0.9696
0.127433411524 0.9632
0.128545300831 0.9608
0.122650050436 0.9636
0.125164232953 0.9596
0.129280397285 0.964
0.102075410554 0.9704
0.128906436025 0.9592
0.105171966837 0.9652
0.100356884531 0.968
0.125819683676 0.9608
0.117172722063 0.9616
0.117009420873 0.9644
0.112087941392 0.9684
0.113692657471 0.9612
0.106276865429 0.9672
0.142517717979 0.9556
0.100131826774 0.9676
0.115065434375 0.9648
0.108499109591 0.972
0.104534903302 0.9668
0.0972145392693 0.9708
0.115299950178 0.9664
0.0805222677169 0.9748
0.0997620668009 0.968
0.104190378494 0.9656
0.129132897688 0.9628
0.0970117834775 0.9704
0.111845411696 0.9664
0.115546344193 0.9636
0.12842333319 0.9636
0.0917858381706 0.972
0.10003949581 0.972
0.112418758293 0.9636
0.13424978127 0.9668
0.103318167872 0.9652
0.103739194586 0.9664
0.0768202454695 0.9736
0.0916899218473 0.97
0.079973055634 0.9752
0.0880630289323 0.972
0.104698699431 0.9636
0.0991626137572 0.9716
0.100549597304 0.9668
0.109425060032 0.968
0.101323876125 0.972
0.0824078321317 0.9712
0.116008330117 0.9712
0.0890423901978 0.9732
0.0796617498922 0.974
0.100223490453 0.9704
0.107021195394 0.9688
0.0863361960758 0.9768
0.099061394151 0.9668
0.0887071472499 0.9704
0.097983671488 0.9704
0.0653075399779 0.9796
0.11017077511 0.9668
0.0951608711399 0.9704
0.0983147742192 0.9732
0.0881347093667 0.9692
0.0795842140867 0.9696
0.0887582514993 0.9708
0.098632057183 0.9696
0.090968707973 0.9724
0.0876763159397 0.9716
0.103302163515 0.9684
0.0890920230452 0.9748
0.0840586530668 0.9716
0.0907690260986 0.9684
0.0777472325016 0.9772
0.0999649452683 0.9732
0.0881837768921 0.9732
0.0766666663792 0.9776
0.0711266738576 0.9744
0.0764291648904 0.9708
0.0936161046522 0.9708
0.11026712598 0.966
0.0984475439527 0.9712
0.0794145862114 0.9756
0.083140215729 0.9768
0.0810696465137 0.9768
0.112127714061 0.9668
0.0722393770168 0.978
0.0673872204017 0.9764
0.096040597138 0.9692
0.0996043174444 0.9684
0.0634464052568 0.98
0.0881167596023 0.9744
0.100337396917 0.9764
0.0683301401984 0.9792
0.0796113767134 0.9768
0.0891124554815 0.9728
0.0835786357434 0.9724
0.0882406853488 0.974
0.0759209155238 0.9744
0.0925646295301 0.9736
0.0857996918256 0.9732
0.100101640833 0.9692
0.0745878127974 0.9752
0.0880824746436 0.9712
0.0802710727348 0.9788
0.0572836193087 0.9812
0.068017693965 0.9756
0.101823027269 0.9684
0.0834919154625 0.9736
0.0647662499283 0.98
0.0745600731555 0.9772
0.0604003701257 0.978
0.0661593093086 0.9776
0.0860806324777 0.9776
0.0812172596751 0.9748
0.077522075702 0.9744
0.0890257498891 0.9712
0.0790001595496 0.9784
0.0915415570909 0.9752
0.066154148995 0.9788
0.071679550552 0.9784
0.0809221636074 0.9748
0.0690491194279 0.9788
0.0563291781143 0.9848
0.0658643163931 0.9812
0.07858219672 0.9724
0.0825317314816 0.976
0.0949894403378 0.9724
0.0778485855438 0.9752
0.0722726923987 0.9772
0.0968753233991 0.9708
0.0619316197029 0.9772
0.0826070578934 0.9764
0.0813534865233 0.972
0.0688455936925 0.9752
0.0810983187284 0.9712
0.0720619392556 0.9772
0.0672589817437 0.9784
0.0805038325523 0.9768
0.0773102835154 0.9764
0.0816157574481 0.9772
0.0783046838554 0.9792
0.085063657687 0.9752
0.0753583318728 0.9776
0.0594007968651 0.9796
0.0698217254863 0.9776
0.0759728520619 0.9744
0.0755300016341 0.978
0.0790710634202 0.9748
0.0664087005499 0.9796
0.0752646084775 0.9772
0.0722472600577 0.9784
0.0730339622786 0.9756
0.0626820786573 0.9836
0.0898983641747 0.9752
0.070227715402 0.9768
0.0575561995753 0.984
0.0650097042514 0.9812
0.0765172629014 0.9744
0.0692324396808 0.9808
0.0775328490132 0.976
0.0875161186908 0.9724
0.0735359567746 0.9744
0.0780860122773 0.978
0.065129029528 0.9764
0.0925909936488 0.9764
0.073331388562 0.9784
0.0523389941581 0.986
0.0521235781345 0.9844
0.0709378638059 0.98
0.0751757123445 0.9788
0.0682716078221 0.9796
0.0729733479655 0.9796
0.0705491346816 0.9768
0.080491784548 0.9756
0.0478228620025 0.9844
0.0669547416125 0.976
0.079442176058 0.9752
0.0556530940699 0.9844
0.0720317653275 0.9792
0.057831097178 0.9832
0.0709746014978 0.976
0.0827582809319 0.9724
0.0670545277253 0.9796
0.0782392681258 0.978
0.0701485237739 0.9756
0.0842275718359 0.9712
0.0662756136193 0.9784
0.0898020781428 0.9792
0.0803949324799 0.9768
0.0499159907965 0.9836
0.0594854090671 0.9804
0.0641154616919 0.9824
0.0785851937701 0.9752
0.0623359486919 0.9816
0.0703071269797 0.978
0.0781794081371 0.9768
0.0565102531296 0.98
0.0646477388895 0.9776
0.0839267745433 0.9772
0.053311970478 0.9816
0.0744480058755 0.9772
0.0703195469153 0.9792
0.0627728874386 0.9776
0.0766771292036 0.9772
0.0694851377171 0.9776
0.0638712984407 0.9812
0.0768347849908 0.9772
0.0492283240384 0.9824
0.0519563786925 0.9824
0.067725214854 0.98
0.0719281324931 0.9848
0.0800213279168 0.9764
0.0755403277702 0.9788
0.0498436912504 0.9824
0.0510796377993 0.9836
0.0513890253065 0.9848
0.0808684243081 0.9776
0.0621039527392 0.9828
0.0656975850754 0.9808
0.0745501312353 0.9788
0.0612149920252 0.9804
0.0562784754923 0.9848
0.0585309226528 0.982
0.0487530684689 0.9864
0.064894220841 0.98
0.0593081815505 0.9788
0.0726638502134 0.9764
0.0813243397342 0.9732
0.0553041451957 0.98
0.0762517155628 0.976
0.0655469465354 0.9772
0.0669990813805 0.9804
0.0595342069391 0.982
0.0748046801478 0.9804
0.0550608213179 0.982
0.0573584559192 0.9832
0.0698547403489 0.9784
0.0753406595289 0.9816
0.0550455701498 0.982
0.0433168745222 0.986
0.0609185877227 0.9804
0.0662379410121 0.9776
0.066100609723 0.9824
0.0824293662458 0.9756
0.0711591442168 0.9804
0.0605146007477 0.98
0.0535274098306 0.9808
0.0561775298828 0.982
0.0640199263494 0.9816
0.0708108234699 0.9772
0.0687186811432 0.9804
0.0499777762272 0.9828
0.0505604440678 0.9848
0.0677645821893 0.98
0.0706397907376 0.9796
0.0767197712224 0.9796
0.0752958217431 0.978
0.079004835954 0.9764
0.0555593443695 0.984
0.0699118930133 0.98
0.0405144087458 0.9852
0.060633550547 0.98
0.0545510701562 0.98
0.0515097393191 0.9824
0.0579187134585 0.9812
0.0619223998157 0.98
0.0675901079934 0.9808
0.0667494361156 0.9796
0.0547430507929 0.9844
0.0640364184462 0.9824
0.0589952152744 0.9808
0.0542873192182 0.9828
0.0570214090746 0.9836
0.0597065564425 0.9844
0.080135157354 0.9764
0.0660040444176 0.9788
0.0532171807705 0.982
0.0598959048308 0.9808
0.0486267177143 0.9852
0.0604137250434 0.98
0.0635442113254 0.984
0.0605748516948 0.9812
0.0805813601663 0.98
0.0540498350207 0.9852
0.0633942677758 0.9812
0.055644206579 0.98
0.0644885516699 0.9812
0.0608424006108 0.9808
0.0605716576864 0.9784
0.0675979622448 0.9796
0.0553312310254 0.9824
0.0594841502765 0.9816
0.0597380310237 0.9856
0.0549810702549 0.9812
0.0517822606452 0.9836
0.0449626427184 0.9848
0.0570995409451 0.9856
0.0566626018997 0.9828
0.0621834449229 0.9824
0.0562953908973 0.982
0.0749156243276 0.9784
0.0494959007475 0.9844
0.062548992492 0.9804
0.0561853740248 0.982
0.0582282566999 0.9824
0.0656955728715 0.9796
0.063775387102 0.982
0.0611529900962 0.9784
0.0593646778018 0.9788
0.0654903587995 0.9816
0.0556810997262 0.9836
0.0549101131558 0.982
0.0701471896504 0.9764
0.0660378797406 0.9804
0.039272020185 0.9888
0.0428979626861 0.9844
0.0558134006416 0.9832
0.0562858163652 0.9832
0.0559549255802 0.9848
0.0562895744928 0.9824
0.0580347014652 0.9832
0.0487746773428 0.9856
0.054188348997 0.9852
0.0461385564646 0.9856
0.0615571705433 0.9824
0.0736062281875 0.976
0.071138706371 0.978
0.0541696087423 0.9828
0.0580545414054 0.9832
0.0750465595665 0.9784
0.0476828940533 0.9848
0.0662636720796 0.9812
0.0638287797941 0.9824
0.0570958736312 0.9824
0.0654713078102 0.9836
0.065997620849 0.9804
0.0496049273545 0.9852
0.0383398620618 0.99
0.0492535474145 0.984
0.0583223399373 0.9844
0.0509440272614 0.9844
0.0481891821558 0.9852
0.0434480633576 0.9864
0.0672150105887 0.98
0.0484599176594 0.9844
0.0701312499677 0.9816
0.0616642030116 0.9776
0.0524665041579 0.9828
0.0644729384225 0.98
0.0503970929739 0.984
0.0486723864853 0.9804
0.0654568697019 0.9788
0.0631640282092 0.9836
0.0606762134305 0.9796
0.0552517705886 0.9816
0.0596329967086 0.984
0.0652179684821 0.978
0.0635691568958 0.9824
0.0434043392223 0.9864
0.0463193273615 0.9832
0.0677833381656 0.9796
0.0524937134384 0.9828
0.0595532493286 0.9808
0.0618741490438 0.9796
0.0461930005205 0.984
0.051378883874 0.9852
0.0565809139966 0.9804
0.05286941072 0.9876
0.0396903952817 0.9868
0.0673903751808 0.9816
0.0478906740267 0.9844
0.0652102299552 0.982
0.0609462432799 0.982
0.060382163482 0.9824
0.0572571280016 0.9836
0.0418284427441 0.984
0.0862613292117 0.9768
0.0471872821184 0.9852
0.0480109320658 0.9816
0.0687073163206 0.9808
0.0599255485372 0.9808
0.0513143926013 0.98
0.0498146894142 0.986
0.0431542443822 0.986
0.0594603043561 0.9828
0.0608549453563 0.9832
0.0528250205526 0.9808
0.0555377266507 0.9816
0.0738985392985 0.9768
0.0745778565807 0.9772
0.0423816434866 0.9844
0.0580316925824 0.9852
0.0610942679099 0.9824
0.0499234349634 0.9848
0.0425520136837 0.9848
0.059581395671 0.9828
0.0485890676221 0.9836
0.0393131972568 0.9872
0.048837021879 0.982
0.0361614040561 0.9896
0.0601532245961 0.9856
0.0626815273151 0.9808
0.0451450639273 0.9872
0.0559293321896 0.9816
0.0518948456506 0.9828
0.0503924863251 0.9812
0.054914681431 0.9836
0.0502500830157 0.9828
0.0375606313874 0.9876
0.0718620315962 0.9808
0.0546528102225 0.9844
0.0574102804199 0.9832
0.06618652726 0.9824
0.0388853568324 0.9876
0.0481185462239 0.9848
0.0438594806894 0.9844
0.0533052128556 0.9832
0.044836043529 0.9864
0.0470617662524 0.984
0.0659829915014 0.9812
0.0606583629198 0.9812
0.0459405718759 0.9852
0.0679543963059 0.9808
0.0606684592742 0.9828
0.057889444212 0.9836
0.0509247626239 0.9824
0.044416251315 0.984
0.0455169092951 0.9824
0.0545307634308 0.9796
0.056284376478 0.9832
0.0529122279532 0.9832
0.0535485955148 0.9872
0.0513299763785 0.9848
0.0450175449248 0.9868
0.0544337870548 0.9864
0.0367470627763 0.9856
0.0592093860578 0.9808
0.0462403097777 0.9832
0.0562674589234 0.9816
0.0428900037936 0.9872
0.0485484269543 0.9852
0.047246319557 0.9856
0.0562853755164 0.9832
0.0504792709718 0.984
0.0659937649079 0.9816
0.0518335240912 0.986
0.0521570654046 0.9832
0.0660053268636 0.9804
0.0600453346092 0.9836
0.0521451873431 0.9824
0.0459577779049 0.986
0.0541000910642 0.98
0.052649457378 0.9832
0.0500649645861 0.98
0.038349988211 0.9872
0.0587300601444 0.9792
0.0374425641451 0.9884
0.0507590381163 0.9828
0.0660563183641 0.982
0.0438391401131 0.986
0.0564675271512 0.9844
0.0399601305906 0.9884
0.0491600975591 0.9824
0.0488308643577 0.9836
0.0417864986945 0.9868
0.0352638089122 0.9868
0.0625142297028 0.98
0.0504202817896 0.9832
0.0590200459941 0.9852
0.0480487669326 0.9852
0.0599280376204 0.984
0.0567138730326 0.9836
0.0631163529226 0.9796
0.0654250753401 0.9824
0.0547444085866 0.9848
0.047695864708 0.9868
0.0562643394741 0.982
0.0490235406767 0.9836
0.0555621603786 0.9832
0.057309327368 0.982
0.0487179029255 0.9828
0.0633078034962 0.9836
0.0473529051809 0.9856
0.0561006379854 0.9836
0.0467286749327 0.9856
0.0431196564811 0.988
0.0460022818805 0.984
0.0554456367372 0.9852
0.0560220224866 0.9796
0.0324930441446 0.9908
0.0380113202475 0.9892
0.0451970494688 0.9868
0.0493570723717 0.9832
0.0548820410488 0.9848
0.0481834317225 0.9852
0.0548723069761 0.9872
0.0508954988706 0.9836
0.0362123307462 0.9864
0.0502320697009 0.9844
0.0380158900216 0.9876
0.0661520519604 0.978
0.0639730082547 0.9752
0.0439865347773 0.9812
0.0548472356806 0.982
0.0460519762463 0.9836
0.0510087546668 0.9832
0.0463447199577 0.9876
0.0503089679392 0.9848
0.0358316083323 0.9884
0.0504821335263 0.9836
0.0581605204601 0.9848
0.0570098782556 0.9844
0.0442373679904 0.9872
0.0490066089139 0.9864
0.0461630751055 0.9852
0.0521280971584 0.9856
0.0513566915979 0.9856
0.0383628248951 0.9868
0.0623728436857 0.9852
0.0490181892533 0.9836
0.0495083914031 0.9864
0.0535822532071 0.9832
0.0530676954484 0.9856
0.0583412911998 0.982
0.0442141687067 0.9876
0.0447933591491 0.986
0.0451500839293 0.984
0.0369231561266 0.9868
0.0408145901799 0.9896
0.0404205865019 0.9872
0.056621339841 0.9812
0.06383425412 0.9796
0.0498717455929 0.9852
0.0428337982485 0.9856
0.04864621095 0.9852
0.0563468934329 0.984
0.0492521876313 0.9856
0.0392424575824 0.9892
0.0615893385242 0.9796
0.0699821299765 0.978
0.0435439391786 0.984
0.047735192722 0.9852
0.0329471651439 0.9884
0.0336928795777 0.9888
0.045562275701 0.9844
0.0479051065122 0.9856
0.0420447753256 0.9884
0.0590819057647 0.9856
0.0668750062146 0.984
0.0612718761709 0.9856
0.0536707520706 0.9828
0.0371317512888 0.9868
0.0469580005816 0.9848
0.0482651396034 0.9868
0.0546865143346 0.9844
0.0496907127233 0.986
0.06332042679 0.9812
0.0419486811306 0.988
0.0457756818621 0.9868
0.0549923374456 0.9848
0.0496448844832 0.9844
0.0428920448151 0.9864
0.0439903862466 0.9864
0.0456597788557 0.9872
0.0491321037422 0.9864
0.0460030359782 0.988
0.0590190894794 0.9828
0.0395725581865 0.9856
0.0506294636994 0.9824
0.0398503840491 0.9868
0.0410456064575 0.9864
0.0462564740711 0.984
0.0420633925302 0.9856
0.0628719551321 0.9812
0.0373960488826 0.9892
0.0377552354661 0.9896
0.0587129809461 0.984
0.0497369448963 0.9844
0.0445095800416 0.986
0.0632449678971 0.9792
0.0570836809138 0.9832
0.0375780909686 0.9856
0.0561746290988 0.9836
0.0455156227521 0.984
0.0575551157943 0.9836
0.0389412869552 0.9896
0.049139248552 0.986
0.058029144089 0.982
0.0480087446654 0.986
0.0467988149987 0.9852
0.0478997483249 0.9848
0.0448609477986 0.9872
0.048568505844 0.986
0.0431430034743 0.9864
0.0458322070275 0.9856
0.0443844140864 0.9836
0.0381656124681 0.9856
0.0360940081993 0.988
0.0332817008198 0.9892
0.0476936500364 0.9884
0.049577558086 0.9864
0.0450145321762 0.9848
0.0416022574611 0.9872
0.0574117476069 0.9836
0.047601968677 0.9856
0.0449830906606 0.986
0.0407904880469 0.9888
0.0519075750353 0.9808
0.0455339820366 0.9852
0.0430518705161 0.9856
0.0518084573414 0.9824
0.0528509570599 0.9848
0.0466135192437 0.9848
0.0307347307103 0.9908
0.0500476433898 0.9832
0.0403454306368 0.9904
0.0538653763084 0.9856
0.0577808869173 0.9844
0.0442026971041 0.9844
0.0534601437922 0.9824
0.0373434248427 0.9872
0.0625141416106 0.9836
0.0493337619564 0.9832
0.0532869576432 0.9832
0.0440908096975 0.9848
0.0471485902055 0.9876
0.0501413809684 0.9832
0.0437730569474 0.986
0.047672680634 0.9884
0.0520322074812 0.986
0.0360549337278 0.9888
0.06270605758 0.9844
0.0454914817721 0.9836
0.0455085110338 0.986
0.0391695162136 0.988
0.0411337032931 0.984
0.0292104856005 0.9904
0.0445839920541 0.9848
0.0394573624299 0.988
0.0468510043421 0.9876
0.0552615764365 0.9844
0.0464626759672 0.984
0.059178711903 0.9828
0.0544462891173 0.9792
0.0453011867896 0.9852
0.0368238077867 0.9852
0.036955533784 0.9896
0.041633343166 0.9864
0.0395335259562 0.9892
0.049355092181 0.9868
0.0373093487282 0.988
0.0324467654481 0.9888
0.0439938538375 0.9888
0.0589304810698 0.9836
0.0490681906258 0.9828
0.049206644257 0.984
0.0380145355454 0.988
0.0441937052699 0.984
0.0562554757168 0.9852
0.040807918027 0.9884
0.0501822474823 0.9868
0.0457315565452 0.9836
0.0604901685269 0.9828
0.0459554654192 0.9868
0.0600535178553 0.9808
0.0508661265444 0.9836
0.0293588625489 0.9904
0.054237415961 0.9856
0.0515944248337 0.9848
0.049770586472 0.9848
