4.70968045369 0.1628
2.25982343489 0.2388
2.20392544122 0.2936
1.8103583917 0.47
1.05480089137 0.716
0.884625788116 0.7476
0.796142051858 0.7704
0.762003581069 0.7792
0.770246651308 0.7804
0.708942745296 0.7948
0.712669141929 0.7936
0.718556204365 0.7904
0.717901019483 0.7936
0.696060825948 0.8032
0.667253412818 0.8204
0.683212551463 0.8124
0.706037195566 0.794
0.704612568708 0.8052
0.65214350215 0.8216
0.702354173484 0.8024
0.618916931255 0.8316
0.680328267391 0.8184
0.670473964904 0.8136
0.692231483538 0.8096
0.649317718512 0.8308
0.676003095869 0.8076
0.683869517732 0.808
0.652707512456 0.8232
0.63317176932 0.8296
0.665889219516 0.8204
0.639126041238 0.8292
0.676259167417 0.8084
0.644103693898 0.824
0.61879641406 0.8284
0.62993318166 0.8232
0.628804113189 0.8364
0.620871063078 0.8392
0.573333478224 0.8448
0.65022684339 0.8228
0.621475569643 0.822
0.591536479064 0.8476
0.574968383064 0.8444
0.55847802377 0.854
0.553483411559 0.8636
0.588499079802 0.8368
0.57008292176 0.8444
0.564757067643 0.8412
0.51699616532 0.8756
0.573180953079 0.848
0.559295680352 0.8592
0.558837023578 0.8528
0.54645160038 0.8652
0.549477603133 0.858
0.594265461669 0.84
0.532365939484 0.8684
0.529013030044 0.8644
0.533004294245 0.8632
0.588079481489 0.8456
0.534790457957 0.8612
0.539444508467 0.8616
0.534455718003 0.8616
0.534966438171 0.868
0.544829147448 0.8664
0.513499390575 0.868
0.53914297501 0.8576
0.540304034954 0.8616
0.563206354533 0.8576
0.51111414072 0.8764
0.549842719113 0.862
0.523727781735 0.8748
0.54057017423 0.8584
0.507445698316 0.8808
0.517896074951 0.8724
0.502840546609 0.88
0.513983737147 0.872
0.52965697755 0.8724
0.491770714842 0.8836
0.507933759453 0.8804
0.535279211771 0.8588
0.506509654096 0.8764
0.52227766141 0.8696
0.524755489896 0.8668
0.516857962967 0.87
0.49764681335 0.8788
0.509348169366 0.8728
0.507462293014 0.8812
0.560639481798 0.8564
0.48990552965 0.8844
0.528054962782 0.866
0.509072444823 0.872
0.51892607191 0.8748
0.5041877961 0.8736
0.51722829795 0.872
0.548196208242 0.8648
0.559125741232 0.8544
0.497469473786 0.8828
0.543157762197 0.8604
0.5072569291 0.8676
0.517640047115 0.8756
0.518327681728 0.8752
0.524229987089 0.8752
0.515778775085 0.878
0.514778270514 0.876
0.508479882813 0.8752
0.528710340939 0.8728
0.484303044005 0.8928
0.511362450844 0.8748
0.503209999436 0.8812
0.523528130646 0.866
0.530550762112 0.8788
0.515359912395 0.8784
0.504111759915 0.8808
0.464931515136 0.8856
0.514704587093 0.8752
0.525533326887 0.8668
0.508941405973 0.872
0.526932324083 0.8704
0.502315832112 0.874
0.481618067937 0.8896
0.498531391249 0.88
0.525184854374 0.8648
0.53725229087 0.8732
0.490856251748 0.8864
0.497866963813 0.8788
0.503283354852 0.8736
0.506078234579 0.8768
0.507140818606 0.8776
0.527606398974 0.8684
0.531506992034 0.8728
0.493745099013 0.8824
0.510136156719 0.8776
0.521377624737 0.868
0.50308877127 0.8768
0.49773151669 0.8816
0.519793388127 0.868
0.507967038725 0.8772
0.485008848147 0.8816
0.502217022075 0.8808
0.531029890712 0.8668
0.522954559841 0.8792
0.5222535522 0.8796
0.502026422596 0.8788
0.502194393708 0.8836
0.500159719767 0.8804
0.492798615656 0.888
0.483865025039 0.8836
0.525666393644 0.8696
0.505652678132 0.8804
0.503555272713 0.876
0.527002210928 0.8688
0.529146200017 0.8692
0.504675489548 0.8904
0.504506138791 0.8788
0.515589734965 0.876
0.52699577244 0.872
0.494874943833 0.88
0.500508753412 0.872
0.503826341614 0.8796
0.498547137921 0.8876
0.544165833462 0.8708
0.539723425957 0.8672
0.501966619232 0.8716
0.511971267734 0.8708
0.481671430624 0.892
0.511083299814 0.874
0.506976806572 0.8744
0.557749552612 0.856
0.5125915187 0.8688
0.531401302748 0.8708
0.519529446277 0.8788
0.527384388914 0.8664
0.514419840273 0.8712
0.507050675721 0.872
0.480201636136 0.8932
0.495351999352 0.8724
0.501700269801 0.8804
0.508417744829 0.8804
0.507258112343 0.8816
0.506744834994 0.876
0.535763626207 0.8792
0.525523533371 0.8772
0.509462270579 0.8696
0.518627045057 0.8772
0.521611833569 0.8724
0.517792366957 0.8712
0.524212849362 0.8728
0.505027620183 0.874
0.507922585077 0.876
0.537428556355 0.8672
0.502463706612 0.8808
0.49630223175 0.884
0.502779157342 0.8764
0.524145700773 0.8712
0.517448937921 0.8848
0.497532594494 0.8836
0.529363915226 0.876
0.504947978856 0.8728
0.480959984299 0.886
0.510530817264 0.8748
0.512037157631 0.8696
0.519833566404 0.868
0.510410547557 0.8796
0.487312285715 0.8884
0.536053940103 0.8736
0.516280213042 0.8772
0.513314357216 0.8744
0.526147654973 0.8692
0.521457975864 0.8736
0.528136780623 0.8652
0.494527193917 0.8784
0.505651792497 0.8784
0.483993026972 0.8864
0.510876316627 0.87
0.535067535139 0.8716
0.521752276464 0.8732
0.494699155734 0.8788
0.476147449268 0.888
0.475523184994 0.8912
0.539904984732 0.8636
0.504266314542 0.8816
0.524259724697 0.8692
0.511352489185 0.8768
0.513629448104 0.8788
0.504771794326 0.8756
0.504073087984 0.8824
0.509453263519 0.8716
0.526847607637 0.866
0.493257971786 0.878
0.513525257069 0.8768
0.525828014292 0.8656
0.516449804011 0.8692
0.539977998173 0.8732
0.518719953696 0.8708
0.509710732244 0.8784
0.515066816034 0.8672
0.500499576634 0.8804
0.536839362991 0.8692
0.517813201137 0.8728
0.485052021515 0.8936
0.514776887812 0.8756
0.500791077826 0.8772
0.514032471213 0.8736
0.500552435417 0.8776
0.508772135525 0.8888
0.520188220402 0.8688
0.509050380804 0.8824
0.526586770806 0.8716
0.489212082389 0.8928
0.522596582392 0.8632
0.512205178997 0.8808
0.486372218511 0.8884
0.538556949728 0.8688
0.519711770319 0.874
0.517178406336 0.8732
0.529629026862 0.8592
0.534037412341 0.866
0.478201943379 0.8888
0.527376704342 0.8736
0.496623917953 0.8852
0.494807548638 0.8808
0.491492168204 0.8848
0.507295424729 0.8756
0.522513498089 0.8632
0.527329602469 0.8668
0.468304204751 0.892
0.479018973857 0.892
0.504576130607 0.88
0.509130033535 0.8792
0.510614729956 0.8744
0.505070552591 0.888
0.542206979633 0.8584
0.511680126205 0.8812
0.509115607592 0.876
0.511157825416 0.8768
0.514476492511 0.8728
0.523675883829 0.8716
0.526446158983 0.8684
0.518449184371 0.8716
0.515263156797 0.874
0.506835674669 0.8672
0.509092243411 0.8788
0.522890997742 0.8752
0.501326592367 0.8776
0.530889988789 0.8752
0.518233140191 0.868
0.517863395085 0.874
0.505246759735 0.8828
0.496825008073 0.8788
0.500605811309 0.8784
0.514243813504 0.8684
0.529422978822 0.8668
0.524981304827 0.8748
0.530273032322 0.8664
0.501117278612 0.8764
0.509810742727 0.8784
0.531810796804 0.868
0.50540572623 0.8816
0.5064074291 0.8816
0.5098710125 0.8772
0.494241688834 0.8896
0.520984724749 0.8688
0.519941409082 0.874
0.506978994176 0.8752
0.495534456275 0.8804
0.511872410956 0.8728
0.497304035234 0.8836
0.508701404031 0.8748
0.505825484862 0.8848
0.540425198488 0.8668
0.521120608462 0.868
0.519340712015 0.8776
0.494398726411 0.8868
0.498622544804 0.8752
0.5242733728 0.8744
0.509809380296 0.8776
0.517129955133 0.8672
0.502359635201 0.8832
0.51341232825 0.872
0.51892377791 0.8752
0.523762325134 0.8716
0.522593211327 0.876
0.509147260277 0.8728
0.498287925727 0.8744
0.529830573371 0.8684
0.498355968069 0.884
0.515082810767 0.8788
0.517603193889 0.8788
0.532212372276 0.8804
0.51132160681 0.8716
0.49186564493 0.8844
0.500277144943 0.8836
0.517642307702 0.8712
0.516947914547 0.868
0.495232259468 0.876
0.479439275539 0.8916
0.499734579753 0.8796
0.535348782614 0.8692
0.505834747875 0.884
0.503579809185 0.876
0.513285260216 0.8776
0.512078009347 0.8736
0.492875460512 0.88
0.505057070014 0.884
0.493554824895 0.8796
0.507413339454 0.8696
0.485749300293 0.8924
0.490155407538 0.8808
0.511885037565 0.8752
0.558159504312 0.8592
0.528314717019 0.8676
0.498505183193 0.8832
0.491311674925 0.878
0.491903288114 0.8876
0.51680317708 0.8664
0.538750456809 0.8672
0.51957448566 0.8704
0.493691815177 0.8824
0.514210949636 0.8704
0.519939502944 0.87
0.514505284785 0.8792
0.544291773248 0.8628
0.519493953784 0.88
0.5022825792 0.874
0.502953598644 0.8864
0.499836628204 0.8776
0.515490044783 0.872
0.52063638896 0.8596
0.504714511342 0.8828
0.526666899753 0.8716
0.520409069452 0.8736
0.490766584267 0.882
0.517415925443 0.8696
0.506146162378 0.8828
0.511639867508 0.8828
0.491119626173 0.8888
0.493854089835 0.882
0.518098919374 0.8684
0.500393041359 0.88
0.508378500968 0.8748
0.510993013982 0.8748
0.473749385952 0.8856
0.531883158535 0.8612
0.521873378962 0.8676
0.52669716859 0.868
0.509506684418 0.8792
0.497630575693 0.8796
0.511020632158 0.8728
0.486266549856 0.8904
0.540473220857 0.8632
0.533128000168 0.868
0.534540657633 0.8628
0.510403655701 0.8756
0.492961559382 0.8832
0.51056753881 0.8712
0.507590468245 0.868
0.52533487832 0.8772
0.515076832411 0.8732
0.533952267434 0.8724
0.50927300213 0.8772
0.503712302618 0.878
0.487490142022 0.8792
0.520685083322 0.8712
0.484711889749 0.8936
0.498059564538 0.8796
0.481137576114 0.8872
0.489232020479 0.8844
0.517490323694 0.8764
0.515188441479 0.8728
0.543115724282 0.8664
0.503587583574 0.8768
0.510176253782 0.8744
0.514002063136 0.8748
0.490838428828 0.8748
0.513969101817 0.8772
0.50889005845 0.8724
0.518490959301 0.8748
0.50880926293 0.872
0.514058130399 0.8748
0.53494714411 0.8756
0.518526276346 0.8696
0.512392550937 0.8828
0.505998965704 0.8776
0.512635335954 0.8796
0.513121009393 0.8744
0.51671771332 0.874
0.515806774642 0.8776
0.516731722264 0.8716
0.500388129919 0.8812
0.523954104609 0.8756
0.5182105568 0.8796
0.508266448008 0.8732
0.494451184788 0.8832
0.516619497363 0.8728
0.515024154293 0.8704
0.502644072274 0.876
0.514846038577 0.8768
0.51846685389 0.8796
0.525946185832 0.8696
0.497011775237 0.8844
0.508248155677 0.8728
0.536507652241 0.8656
0.501235694108 0.8728
0.536595058937 0.8656
0.491321899347 0.8884
0.529296419506 0.872
0.514322258847 0.876
0.492403881617 0.8828
0.529664215205 0.8612
0.479827359133 0.894
0.49898485448 0.88
0.509194672901 0.8724
0.524357594359 0.8648
0.490262039606 0.886
0.514746159016 0.8704
0.51113984131 0.8748
0.504066265139 0.88
0.490262839247 0.8876
0.533991410312 0.8672
0.514694211652 0.8732
0.493857025661 0.8828
0.500324229082 0.8804
0.497884120515 0.8832
0.484247871642 0.882
0.522976879312 0.8692
0.529009402963 0.86
0.518242901475 0.8804
0.505090476027 0.876
0.508428672823 0.8692
0.514694884834 0.876
0.517684276457 0.8772
0.545578481738 0.8556
0.506570118798 0.8752
0.503391828501 0.8796
0.542625362209 0.8676
0.505191357268 0.8812
0.518368681788 0.8736
0.506476403857 0.878
0.511066366313 0.8736
0.507511139381 0.8716
0.527678037003 0.8672
0.522957645903 0.864
0.500906478287 0.8792
0.513218241333 0.8628
0.540357302089 0.862
0.499729703182 0.8788
0.501438702925 0.8828
0.502907658754 0.8796
0.505287118468 0.874
0.502746058781 0.8852
0.495258755437 0.8832
0.509023088333 0.8764
0.49916230689 0.8812
0.539940357882 0.8676
0.513452609169 0.8764
0.487578867542 0.8872
0.522247895244 0.8724
0.552706193293 0.8548
0.524370116406 0.8752
0.484530421543 0.884
0.510531647133 0.87
0.518328014353 0.87
0.504747070375 0.878
0.517442088518 0.8784
0.504567351158 0.8804
0.519667804677 0.878
0.514960276378 0.8768
0.519240703696 0.8712
0.507533066214 0.8708
0.51164366344 0.876
0.511892291538 0.8796
0.491455924095 0.8836
0.548109278307 0.864
0.517362984841 0.88
0.519883215048 0.8704
0.505068258051 0.87
0.509254665098 0.878
0.508713855875 0.8808
0.523809451052 0.87
0.515640753673 0.872
0.506505768959 0.874
0.509720695341 0.8812
0.508161512046 0.8788
0.491904401365 0.8836
0.498603767238 0.8872
0.491049840459 0.8748
0.497607848134 0.8824
0.543647321091 0.864
0.489883871469 0.892
0.52417664581 0.8724
0.503415981829 0.8724
0.535558629017 0.8736
0.528267736195 0.8656
0.533935449826 0.8684
0.507994953066 0.8812
0.509685805885 0.8788
0.49312934825 0.8924
0.499887023752 0.88
0.513837022578 0.8828
0.509181967476 0.8764
0.497775312308 0.886
0.513603346878 0.8744
0.513434363071 0.8776
0.490259456225 0.8816
0.518825823306 0.8732
0.514365610063 0.8736
0.511626407358 0.8724
0.515403232422 0.8676
0.520714723443 0.878
0.505837976501 0.8728
0.492770675818 0.8848
0.503253737027 0.8728
0.509254587285 0.8764
0.514848672811 0.8708
0.527177667481 0.8704
0.524653618328 0.8712
0.515948732767 0.8636
0.486221047748 0.8856
0.542873881788 0.87
0.528493834223 0.8712
0.526994883763 0.8808
0.48665131863 0.8912
0.500320117591 0.8784
0.501176229696 0.8852
0.541192347671 0.8684
0.505777654996 0.88
0.495506203092 0.8812
0.504617615548 0.8688
0.511294057764 0.8816
0.516219420233 0.8744
0.524541236668 0.8716
0.488890102314 0.8884
0.491829919627 0.8792
0.509278525829 0.8796
0.501280770077 0.8868
0.516228673099 0.878
0.504467542204 0.8764
0.521186434198 0.8696
0.522231222875 0.8684
0.485694377367 0.8844
0.501956790377 0.882
0.495483064665 0.8808
0.513295126287 0.8796
0.495702059809 0.8812
0.530496127928 0.8708
0.531812174133 0.8684
0.502602706693 0.8796
0.528918728764 0.87
0.518322056199 0.8728
0.494922753347 0.8784
0.499158343181 0.8776
0.499281289529 0.8832
0.496661789136 0.886
0.515533917915 0.8756
0.530966602704 0.864
0.496142326987 0.888
0.513668269431 0.878
0.531131886938 0.8672
0.513594390245 0.868
0.518605100773 0.8728
0.483485106034 0.8856
0.519186732197 0.8728
0.511301529893 0.8724
0.482907418757 0.8884
0.504938839727 0.8824
0.517981673764 0.8716
0.508435937378 0.8784
0.530649386681 0.8616
0.517664115981 0.8836
0.493314223559 0.8804
0.504094479782 0.8752
0.502930136369 0.88
0.501439278976 0.8852
0.525027469762 0.8664
0.529233889715 0.8712
0.514500111635 0.876
0.525316760218 0.8776
0.523137086039 0.8748
0.496736927146 0.884
0.502146835223 0.8756
0.491399053596 0.8764
0.49772252411 0.8808
0.508383529509 0.8708
0.516600656167 0.8724
0.520927990258 0.868
0.492970099518 0.8788
0.514443416986 0.87
0.47937373043 0.89
0.510136400507 0.8708
0.521651985021 0.8692
0.523231890283 0.8708
0.497819506554 0.8868
0.49859877857 0.8828
0.509903258337 0.878
0.52774907605 0.8664
0.511190303432 0.8828
0.508178756655 0.8724
0.521548973589 0.8764
0.532826751412 0.8684
0.508889852663 0.882
0.514368825782 0.8752
0.503296209422 0.8712
0.507419300331 0.878
0.521712115999 0.8628
0.510947962526 0.8704
0.518286627658 0.8708
0.513293226366 0.8784
0.519947151122 0.8656
0.508145382172 0.8788
0.513160047538 0.874
0.505288059622 0.8824
0.52769522434 0.8704
0.522449804785 0.8644
0.503493472905 0.8784
0.495106980205 0.8792
0.507519607917 0.8816
0.500629822389 0.8784
0.51027651969 0.878
0.498593798354 0.8736
0.540669595633 0.8592
0.509466211369 0.8868
0.531611765463 0.874
0.516300071582 0.8708
0.496411932348 0.88
0.514472661714 0.8784
0.537172709965 0.8716
0.53171324349 0.8608
0.506017634489 0.8808
0.521700204588 0.8652
0.500094458088 0.8724
0.498224122206 0.8804
0.500509802532 0.886
0.48900999287 0.882
0.487827697961 0.8848
0.544834362307 0.8632
0.517979996935 0.8804
0.516828644173 0.8804
0.486778376324 0.8784
0.527490809123 0.8668
0.493029017248 0.878
0.510478866265 0.876
0.52905248429 0.8708
0.507135939353 0.8784
0.513696381803 0.872
0.499347231086 0.878
0.493234274574 0.8896
0.531401064235 0.8688
0.497635529035 0.878
0.532970339092 0.8636
0.516406510178 0.872
0.493461956424 0.8844
0.515222671957 0.8644
0.52077945213 0.8744
0.508688405078 0.8756
0.541060707516 0.8736
0.515230741018 0.878
0.49086206931 0.8848
0.494862187564 0.8792
0.504972934931 0.8752
0.549395195058 0.858
0.505858825263 0.8824
0.511981783635 0.8728
0.466160583337 0.888
0.485308903672 0.8904
0.512081055837 0.8756
0.515272951685 0.87
0.505427457824 0.8784
0.509317247738 0.876
0.509109076763 0.8748
0.521776369472 0.8696
0.544926606664 0.8668
0.523958499092 0.8688
0.526120803291 0.8808
0.525526378208 0.8716
0.53643753916 0.876
0.494541606818 0.8884
0.513196812004 0.8724
0.51789226291 0.8744
0.498441407922 0.882
0.504920820616 0.8728
0.487606613716 0.8956
